15 0.7802713987473904 0.718359375 0.04488517745302714 0.07421875
11 0.8021920668058455 0.86875 0.026096033402922755 0.0359375
11 0.826722338204593 0.863671875 0.030271398747390398 0.03671875
4 0.7682672233820459 0.871484375 0.03549060542797495 0.03203125
16 0.732776617954071 0.56484375 0.033402922755741124 0.02734375
16 0.7030271398747391 0.571484375 0.027139874739039668 0.02578125
16 0.6727557411273486 0.577734375 0.030271398747390398 0.028125
0 0.6962421711899791 0.619921875 0.04592901878914405 0.04140625
11 0.7687891440501043 0.65703125 0.027139874739039668 0.03671875
11 0.7301670146137788 0.616015625 0.026096033402922755 0.03359375
11 0.7552192066805845 0.6125 0.029227557411273485 0.034375
14 0.8105427974947808 0.80625 0.04175365344467641 0.06328125