0 0.6002087682672234 0.6796875 0.04801670146137787 0.03984375
11 0.5725469728601252 0.948828125 0.031315240083507306 0.0375
11 0.5474947807933194 0.9453125 0.029227557411273485 0.03671875
4 0.5140918580375783 0.93671875 0.037578288100208766 0.03203125
14 0.5913361169102297 0.888671875 0.05636743215031315 0.0890625
11 0.6419624217118998 0.739453125 0.030271398747390398 0.03828125
11 0.6565762004175365 0.692578125 0.028183716075156576 0.03359375
11 0.6310020876826722 0.6875 0.028183716075156576 0.034375
16 0.6617954070981211 0.6453125 0.032359081419624215 0.0296875
16 0.6325678496868476 0.638671875 0.029227557411273485 0.025
16 0.6007306889352818 0.633203125 0.031315240083507306 0.02890625