16 0.33507306889352817 0.407421875 0.022964509394572025 0.0234375
0 0.3115866388308977 0.362109375 0.04592901878914405 0.04375
14 0.21137787056367432 0.17109375 0.04697286012526096 0.08984375
2 0.4331941544885177 0.795703125 0.08037578288100208 0.05078125
11 0.1978079331941545 0.108984375 0.024008350730688934 0.03515625
11 0.22390396659707723 0.10625 0.025052192066805846 0.0359375
11 0.24321503131524008 0.319140625 0.022964509394572025 0.03359375
11 0.25521920668058456 0.3671875 0.026096033402922755 0.0328125
11 0.2797494780793319 0.366796875 0.021920668058455117 0.0328125
15 0.23538622129436326 0.255859375 0.04384133611691023 0.075
4 0.25730688935281837 0.101953125 0.03549060542797495 0.03125