16 0.691544885177453 0.577734375 0.022964509394572025 0.02265625
16 0.7541753653444676 0.570703125 0.024008350730688934 0.0234375
0 0.7129436325678496 0.61953125 0.0407098121085595 0.03515625
14 0.8105427974947808 0.8140625 0.04279749478079332 0.09296875
2 0.6002087682672234 0.187109375 0.07828810020876827 0.04296875
4 0.761482254697286 0.87890625 0.03444676409185804 0.03046875
15 0.7865344467640919 0.724609375 0.0407098121085595 0.075
11 0.7807933194154488 0.662890625 0.024008350730688934 0.0296875
11 0.795929018789144 0.8765625 0.020876826722338204 0.03359375
11 0.7447807933194155 0.61640625 0.020876826722338204 0.03125
11 0.7693110647181628 0.61484375 0.025052192066805846 0.03125