16 0.461 0.6969242310577645 0.036 0.021005251312828207
16 0.454 0.6729182295573893 0.039 0.021005251312828207
16 0.45 0.6504126031507877 0.033 0.018754688672168042
16 0.4915 0.6909227306826706 0.033 0.018754688672168042
16 0.4855 0.6687921980495124 0.032 0.021005251312828207
16 0.481 0.6466616654163541 0.029 0.019504876219054765
11 0.083 0.7299324831207802 0.056 0.024006001500375095
11 0.3485 0.719429857464366 0.044 0.019504876219054765
17 0.5435 0.5138784696174044 0.044 0.04051012753188297
17 0.5645 0.5971492873218305 0.038 0.04126031507876969
1 0.5565 0.5547636909227307 0.033 0.035258814703675916
4 0.09 0.754688672168042 0.048 0.030007501875468866