16 0.759 0.5431357839459865 0.026 0.02625656414103526
16 0.7265 0.5465116279069767 0.026 0.028507126781695424
16 0.6965 0.5480120030007501 0.023 0.024006001500375095
16 0.753 0.5195048762190547 0.023 0.024006001500375095
16 0.7235 0.522880720180045 0.026 0.02250562640660165
16 0.694 0.5243810952738185 0.025 0.021005251312828207
11 0.7765 0.8282070517629407 0.028 0.04126031507876969
11 0.781 0.6286571642910728 0.023 0.03225806451612903
17 0.521 0.4684921230307577 0.052 0.03075768942235559
17 0.6335 0.45836459114778694 0.054 0.02625656414103526
1 0.5765 0.46136534133533386 0.045 0.02250562640660165
4 0.81 0.8244561140285072 0.037 0.0345086271567892