1 0.9065755208333334 0.925048828125 0.0390625 0.0712890625
11 0.8968098958333334 0.83154296875 0.034505208333333336 0.05859375
11 0.8551432291666666 0.832275390625 0.037109375 0.05810546875
11 0.8883463541666666 0.740478515625 0.033854166666666664 0.0537109375
11 0.8463541666666666 0.73779296875 0.036458333333333336 0.05517578125
11 0.8779296875 0.646484375 0.032552083333333336 0.05126953125
11 0.8382161458333334 0.646484375 0.03515625 0.05224609375
14 0.7037760416666666 0.421142578125 0.17057291666666666 0.0419921875
2 0.7395833333333334 0.104248046875 0.11393229166666667 0.064453125
1 0.5690104166666666 0.500244140625 0.07291666666666667 0.03466796875
17 0.4690755208333333 0.505126953125 0.083984375 0.0302734375
17 0.6682942708333334 0.499267578125 0.08333333333333333 0.033203125
17 0.7711588541666666 0.49755859375 0.08658854166666667 0.03173828125
0 0.7822265625 0.646240234375 0.057291666666666664 0.0634765625
16 0.8597005208333334 0.564697265625 0.037760416666666664 0.03173828125