11 0.15071614583333334 0.85986328125 0.08203125 0.03759765625
11 0.140625 0.82958984375 0.08138020833333333 0.03857421875
11 0.2672526041666667 0.8349609375 0.07552083333333333 0.03515625
11 0.2620442708333333 0.8037109375 0.078125 0.03759765625
11 0.3873697916666667 0.8076171875 0.072265625 0.0341796875
11 0.3792317708333333 0.778564453125 0.07421875 0.03662109375
14 0.6451822916666666 0.633056640625 0.08984375 0.13134765625
1 0.5139973958333334 0.55078125 0.059244791666666664 0.0595703125
17 0.4869791666666667 0.478271484375 0.055989583333333336 0.06640625
17 0.5358072916666666 0.623291015625 0.059895833333333336 0.06689453125
17 0.5592447916666666 0.6982421875 0.05859375 0.06884765625
0 0.3678385416666667 0.7373046875 0.09309895833333333 0.0546875
16 0.4905598958333333 0.77734375 0.048177083333333336 0.03369140625