11 0.8896484375 0.164306640625 0.080078125 0.03271484375
11 0.896484375 0.1953125 0.080078125 0.0341796875
11 0.7708333333333334 0.181640625 0.07421875 0.03125
11 0.7724609375 0.213134765625 0.07682291666666667 0.03369140625
11 0.6477864583333334 0.200927734375 0.07096354166666667 0.0302734375
11 0.6526692708333334 0.23046875 0.07291666666666667 0.0322265625
14 0.3707682291666667 0.35791015625 0.076171875 0.130859375
1 0.4918619791666667 0.448486328125 0.054036458333333336 0.05810546875
17 0.5104166666666666 0.5224609375 0.049479166666666664 0.0654296875
17 0.478515625 0.375 0.054036458333333336 0.0654296875
17 0.4638671875 0.298583984375 0.052083333333333336 0.0673828125
0 0.6591796875 0.272216796875 0.08984375 0.05029296875
16 0.5416666666666666 0.224365234375 0.046223958333333336 0.03173828125