16 0.4358723958333333 0.333251953125 0.036458333333333336 0.0244140625
1 0.80859375 0.272216796875 0.07747395833333333 0.03076171875
17 0.3727213541666667 0.3935546875 0.056640625 0.05908203125
17 0.3841145833333333 0.455810546875 0.057291666666666664 0.05615234375
17 0.4091796875 0.579833984375 0.054036458333333336 0.0595703125
11 0.7106119791666666 0.285888671875 0.06705729166666667 0.03125
11 0.7161458333333334 0.31005859375 0.06510416666666667 0.0302734375
11 0.6165364583333334 0.301025390625 0.068359375 0.03076171875
11 0.6204427083333334 0.324951171875 0.06640625 0.02880859375
11 0.5286458333333334 0.337646484375 0.06770833333333333 0.029296875
0 0.5325520833333334 0.37158203125 0.07486979166666667 0.04443359375
14 0.296875 0.4443359375 0.080078125 0.10693359375