16 0.2727864583333333 0.46728515625 0.032552083333333336 0.02734375
1 0.3694661458333333 0.190185546875 0.039713541666666664 0.0576171875
17 0.3157552083333333 0.53662109375 0.078125 0.04150390625
17 0.3948567708333333 0.557373046875 0.07421875 0.0419921875
17 0.5537109375 0.596923828125 0.07877604166666667 0.03955078125
11 0.3414713541666667 0.261962890625 0.041015625 0.05029296875
11 0.3723958333333333 0.26953125 0.039713541666666664 0.048828125
11 0.31640625 0.33203125 0.040364583333333336 0.05126953125
11 0.3466796875 0.340087890625 0.037760416666666664 0.0498046875
11 0.3199869791666667 0.4072265625 0.037760416666666664 0.05078125
0 0.3623046875 0.419921875 0.05859375 0.0556640625
14 0.341796875 0.6103515625 0.142578125 0.05859375
2 0.19563802083333334 0.850341796875 0.10221354166666667 0.06494140625