16 0.7311197916666666 0.505859375 0.027994791666666668 0.02490234375
1 0.693359375 0.79052734375 0.029296875 0.05615234375
17 0.6744791666666666 0.442138671875 0.07356770833333333 0.03369140625
17 0.591796875 0.430908203125 0.06901041666666667 0.03515625
17 0.4267578125 0.410400390625 0.07486979166666667 0.0322265625
11 0.7063802083333334 0.71630859375 0.031901041666666664 0.04833984375
11 0.6741536458333334 0.712646484375 0.030598958333333332 0.046875
11 0.7161458333333334 0.64453125 0.03125 0.04931640625
11 0.6845703125 0.639892578125 0.028645833333333332 0.0478515625
11 0.6969401041666666 0.570556640625 0.028645833333333332 0.048828125
0 0.6526692708333334 0.562744140625 0.049479166666666664 0.0517578125
14 0.6331380208333334 0.372314453125 0.13802083333333334 0.04345703125
2 0.7275390625 0.118408203125 0.09375 0.0556640625