1 0.6949869791666666 0.89990234375 0.032552083333333336 0.05908203125
0 0.6412760416666666 0.64208984375 0.052083333333333336 0.06005859375
11 0.7060546875 0.817138671875 0.031901041666666664 0.0517578125
11 0.6715494791666666 0.81494140625 0.034505208333333336 0.052734375
11 0.7161458333333334 0.735107421875 0.032552083333333336 0.04931640625
11 0.6806640625 0.731201171875 0.030598958333333332 0.0458984375
17 0.66015625 0.509765625 0.07682291666666667 0.02587890625
17 0.5703125 0.501220703125 0.07747395833333333 0.03076171875
17 0.3880208333333333 0.4833984375 0.076171875 0.0283203125
14 0.615234375 0.4345703125 0.15494791666666666 0.046875
2 0.7008463541666666 0.15185546875 0.09244791666666667 0.06103515625