1 0.010416666666666666 0.674072265625 0.020833333333333332 0.02099609375
0 0.3209635416666667 0.61572265625 0.07682291666666667 0.03515625
11 0.09244791666666667 0.67626953125 0.06705729166666667 0.0205078125
11 0.09309895833333333 0.650390625 0.068359375 0.0224609375
11 0.20247395833333334 0.67822265625 0.06380208333333333 0.02099609375
11 0.205078125 0.6513671875 0.059244791666666664 0.02001953125
17 0.498046875 0.62060546875 0.029296875 0.05615234375
17 0.5032552083333334 0.552734375 0.035807291666666664 0.05615234375
17 0.5143229166666666 0.4150390625 0.032552083333333336 0.0556640625
14 0.5950520833333334 0.58154296875 0.052083333333333336 0.11376953125
2 0.9694010416666666 0.626220703125 0.059895833333333336 0.06591796875