1 0.2503255208333333 0.11767578125 0.029947916666666668 0.05810546875
0 0.3395182291666667 0.369873046875 0.049479166666666664 0.05859375
11 0.2509765625 0.20068359375 0.029947916666666668 0.05078125
11 0.2854817708333333 0.2001953125 0.032552083333333336 0.05224609375
11 0.2522786458333333 0.283203125 0.029947916666666668 0.04833984375
11 0.2880859375 0.2841796875 0.028645833333333332 0.044921875
17 0.3391927083333333 0.502685546875 0.076171875 0.02392578125
17 0.4296875 0.50439453125 0.076171875 0.02880859375
17 0.6136067708333334 0.5078125 0.07552083333333333 0.0263671875
14 0.39453125 0.573974609375 0.15364583333333334 0.04296875
2 0.3486328125 0.862060546875 0.08984375 0.05908203125