1 0.8841145833333334 0.3408203125 0.061848958333333336 0.02197265625
1 0.4622395833333333 0.4423828125 0.034505208333333336 0.04052734375
17 0.4475911458333333 0.492431640625 0.035807291666666664 0.0458984375
17 0.4788411458333333 0.391357421875 0.040364583333333336 0.04541015625
17 0.4921875 0.344970703125 0.029947916666666668 0.0361328125
11 0.7952473958333334 0.33056640625 0.046875 0.02001953125
11 0.7916666666666666 0.351318359375 0.049479166666666664 0.01904296875
11 0.7138671875 0.341064453125 0.053385416666666664 0.02099609375
0 0.6240234375 0.358154296875 0.06510416666666667 0.03369140625
14 0.4127604166666667 0.368896484375 0.051432291666666664 0.078125
11 0.6435546875 0.30908203125 0.042317708333333336 0.015625
2 0.13834635416666666 0.286376953125 0.059895833333333336 0.0498046875