1 0.7698567708333334 0.759765625 0.022786458333333332 0.044921875
1 0.5699869791666666 0.462890625 0.051432291666666664 0.021484375
17 0.5016276041666666 0.4599609375 0.05859375 0.02197265625
17 0.6399739583333334 0.46728515625 0.057291666666666664 0.025390625
17 0.703125 0.469970703125 0.046223958333333336 0.0185546875
11 0.76953125 0.6923828125 0.021484375 0.03369140625
11 0.7415364583333334 0.692626953125 0.01953125 0.03564453125
11 0.7428385416666666 0.633544921875 0.021484375 0.03857421875
0 0.7060546875 0.569580078125 0.038411458333333336 0.0458984375
14 0.6588541666666666 0.414794921875 0.10026041666666667 0.02978515625
11 0.7740885416666666 0.576416015625 0.016276041666666668 0.0302734375
2 0.7249348958333334 0.19873046875 0.060546875 0.0400390625