1 0.8642578125 0.31640625 0.060546875 0.0185546875
1 0.4557291666666667 0.445068359375 0.030598958333333332 0.0390625
17 0.4469401041666667 0.495849609375 0.03125 0.04443359375
17 0.4664713541666667 0.39306640625 0.03515625 0.04345703125
17 0.4742838541666667 0.345947265625 0.026692708333333332 0.03515625
11 0.7747395833333334 0.311767578125 0.045572916666666664 0.017578125
11 0.7731119791666666 0.332763671875 0.048177083333333336 0.01611328125
11 0.6946614583333334 0.32763671875 0.052083333333333336 0.017578125
0 0.6067708333333334 0.3505859375 0.0625 0.0302734375
14 0.3977864583333333 0.375244140625 0.04296875 0.076171875
11 0.6207682291666666 0.30029296875 0.041015625 0.01318359375
2 0.11490885416666667 0.310791015625 0.055338541666666664 0.046875