1 0.693359375 0.80615234375 0.033854166666666664 0.05322265625
1 0.5576171875 0.44970703125 0.061197916666666664 0.03173828125
0 0.6741536458333334 0.590087890625 0.055989583333333336 0.056640625
11 0.7099609375 0.734130859375 0.033203125 0.04296875
11 0.6800130208333334 0.731689453125 0.029296875 0.0390625
11 0.6985677083333334 0.663330078125 0.028645833333333332 0.0400390625
11 0.7444661458333334 0.605712890625 0.028645833333333332 0.0400390625
11 0.71484375 0.596923828125 0.029947916666666668 0.03662109375
17 0.7060546875 0.479736328125 0.06966145833333333 0.033203125
17 0.6315104166666666 0.46337890625 0.06770833333333333 0.02978515625
17 0.482421875 0.434814453125 0.0703125 0.033203125
2 0.7819010416666666 0.193359375 0.08919270833333333 0.0537109375
14 0.677734375 0.410888671875 0.13736979166666666 0.0537109375