1 0.2718098958333333 0.20751953125 0.028645833333333332 0.052734375
1 0.4485677083333333 0.553955078125 0.059244791666666664 0.02880859375
0 0.3157552083333333 0.421630859375 0.05078125 0.05419921875
11 0.263671875 0.280517578125 0.028645833333333332 0.0419921875
11 0.2936197916666667 0.281005859375 0.025390625 0.0380859375
11 0.283203125 0.350341796875 0.024739583333333332 0.03955078125
11 0.244140625 0.41064453125 0.024739583333333332 0.03955078125
11 0.2747395833333333 0.41748046875 0.026041666666666668 0.03564453125
17 0.296875 0.53369140625 0.06770833333333333 0.029296875
17 0.3733723958333333 0.544921875 0.06640625 0.02587890625
17 0.5250651041666666 0.563720703125 0.068359375 0.029296875
2 0.2548828125 0.823974609375 0.08528645833333333 0.048828125
14 0.3333333333333333 0.600341796875 0.13541666666666666 0.0458984375