1 0.14095052083333334 0.705322265625 0.06901041666666667 0.01708984375
1 0.5774739583333334 0.53173828125 0.033203125 0.04248046875
0 0.4186197916666667 0.646484375 0.06901041666666667 0.03369140625
11 0.23828125 0.70263671875 0.0546875 0.01806640625
11 0.2353515625 0.68017578125 0.049479166666666664 0.015625
11 0.3284505208333333 0.679443359375 0.051432291666666664 0.01513671875
11 0.4127604166666667 0.701416015625 0.051432291666666664 0.01513671875
11 0.4182942708333333 0.677734375 0.046223958333333336 0.0166015625
17 0.5693359375 0.64697265625 0.033854166666666664 0.048828125
17 0.5748697916666666 0.5888671875 0.029296875 0.04833984375
17 0.5813802083333334 0.4736328125 0.033854166666666664 0.04931640625
2 0.9583333333333334 0.64306640625 0.05859375 0.060546875
14 0.6529947916666666 0.61181640625 0.049479166666666664 0.0986328125