1 0.1298828125 0.286865234375 0.030598958333333332 0.0498046875
1 0.4108072916666667 0.56103515625 0.054036458333333336 0.02880859375
11 0.1435546875 0.3515625 0.027994791666666668 0.03759765625
11 0.17545572916666666 0.349609375 0.03125 0.0439453125
11 0.18880208333333334 0.412353515625 0.029296875 0.0400390625
11 0.20247395833333334 0.47412109375 0.029296875 0.03857421875
11 0.17317708333333334 0.4755859375 0.029296875 0.0400390625
0 0.24479166666666666 0.471923828125 0.048177083333333336 0.04931640625
17 0.265625 0.576171875 0.06510416666666667 0.02880859375
17 0.337890625 0.568115234375 0.06315104166666667 0.02783203125
17 0.4811197916666667 0.5537109375 0.06510416666666667 0.02783203125
14 0.3209635416666667 0.62646484375 0.12760416666666666 0.04248046875