1 0.20963541666666666 0.22607421875 0.026041666666666668 0.048828125
1 0.3935546875 0.54296875 0.052083333333333336 0.0263671875
11 0.2021484375 0.291259765625 0.024739583333333332 0.037109375
11 0.23372395833333334 0.29541015625 0.02734375 0.04345703125
11 0.22623697916666666 0.358642578125 0.026041666666666668 0.03955078125
11 0.2197265625 0.4208984375 0.026041666666666668 0.0380859375
11 0.19075520833333334 0.4169921875 0.026041666666666668 0.03955078125
0 0.2613932291666667 0.426513671875 0.044270833333333336 0.0478515625
17 0.248046875 0.531494140625 0.06380208333333333 0.02587890625
17 0.3206380208333333 0.536865234375 0.061197916666666664 0.02490234375
17 0.4641927083333333 0.548583984375 0.06315104166666667 0.02490234375
14 0.2854817708333333 0.59033203125 0.12565104166666666 0.0361328125