1 0.8030598958333334 0.234130859375 0.06575520833333333 0.0205078125
1 0.4235026041666667 0.429931640625 0.036458333333333336 0.03955078125
11 0.7164713541666666 0.240966796875 0.049479166666666664 0.01904296875
11 0.7171223958333334 0.264892578125 0.057942708333333336 0.021484375
11 0.6328125 0.271484375 0.052734375 0.02001953125
11 0.5501302083333334 0.278564453125 0.05078125 0.0205078125
11 0.5498046875 0.256591796875 0.052734375 0.02001953125
0 0.55078125 0.310302734375 0.064453125 0.03369140625
17 0.4108072916666667 0.320556640625 0.035807291666666664 0.0478515625
17 0.4176432291666667 0.375 0.033854166666666664 0.04638671875
17 0.4296875 0.48291015625 0.034505208333333336 0.0478515625
14 0.3408203125 0.359375 0.050130208333333336 0.0947265625