17 0.7096354166666666 0.279052734375 0.07682291666666667 0.02685546875
17 0.5390625 0.266357421875 0.072265625 0.02880859375
1 0.6236979166666666 0.2744140625 0.06315104166666667 0.02685546875
1 0.8453776041666666 0.636474609375 0.04296875 0.0595703125
11 0.7438151041666666 0.85205078125 0.042317708333333336 0.05810546875
11 0.701171875 0.84814453125 0.041015625 0.0615234375
11 0.8538411458333334 0.5625 0.039713541666666664 0.0498046875
16 0.8590494791666666 0.433349609375 0.03515625 0.02978515625
16 0.8079427083333334 0.427978515625 0.038411458333333336 0.0302734375
16 0.7607421875 0.4248046875 0.037760416666666664 0.03125
16 0.8610026041666666 0.3984375 0.040364583333333336 0.03271484375
16 0.8134765625 0.392578125 0.0390625 0.03271484375
16 0.7672526041666666 0.39013671875 0.039713541666666664 0.03271484375
14 0.8229166666666666 0.75537109375 0.08203125 0.15576171875
4 0.7958984375 0.861572265625 0.055989583333333336 0.046875