17 0.8518880208333334 0.56298828125 0.04296875 0.05859375
17 0.8033854166666666 0.439697265625 0.044921875 0.0556640625
1 0.8251953125 0.50146484375 0.041666666666666664 0.048828125
1 0.4606119791666667 0.791259765625 0.08138020833333333 0.03759765625
11 0.15592447916666666 0.80126953125 0.07942708333333333 0.037109375
11 0.14485677083333334 0.770263671875 0.083984375 0.03662109375
11 0.5553385416666666 0.76953125 0.068359375 0.0341796875
16 0.716796875 0.724609375 0.042317708333333336 0.02880859375
16 0.7044270833333334 0.687255859375 0.04296875 0.03125
16 0.6904296875 0.653076171875 0.044270833333333336 0.03076171875
16 0.7607421875 0.712890625 0.046223958333333336 0.03271484375
16 0.7503255208333334 0.677734375 0.046223958333333336 0.03173828125
16 0.7360026041666666 0.64453125 0.046223958333333336 0.0322265625
14 0.3053385416666667 0.8203125 0.208984375 0.07666015625
4 0.16373697916666666 0.841064453125 0.06640625 0.0458984375