17 0.6497395833333334 0.253173828125 0.07552083333333333 0.0224609375
17 0.4791666666666667 0.26513671875 0.0703125 0.0244140625
1 0.5641276041666666 0.2607421875 0.061197916666666664 0.0234375
1 0.8736979166666666 0.58447265625 0.036458333333333336 0.0576171875
11 0.8287760416666666 0.810791015625 0.036458333333333336 0.05615234375
11 0.7858072916666666 0.81298828125 0.034505208333333336 0.06005859375
11 0.86328125 0.5107421875 0.034505208333333336 0.0478515625
16 0.8352864583333334 0.383056640625 0.032552083333333336 0.02783203125
16 0.7841796875 0.38525390625 0.035807291666666664 0.0283203125
16 0.7366536458333334 0.388916015625 0.034505208333333336 0.02978515625
16 0.8284505208333334 0.3486328125 0.037109375 0.03076171875
16 0.7802734375 0.349609375 0.035807291666666664 0.03076171875
16 0.734375 0.35400390625 0.036458333333333336 0.03076171875
14 0.8818359375 0.70458984375 0.06510416666666667 0.1533203125
4 0.8824869791666666 0.8125 0.051432291666666664 0.0439453125