17 0.23502604166666666 0.483642578125 0.0546875 0.02197265625
17 0.2952473958333333 0.494140625 0.054036458333333336 0.02392578125
17 0.4140625 0.51220703125 0.051432291666666664 0.021484375
14 0.24088541666666666 0.15087890625 0.06510416666666667 0.11083984375
4 0.263671875 0.0810546875 0.038411458333333336 0.0341796875
1 0.3548177083333333 0.501708984375 0.048828125 0.02685546875
1 0.22265625 0.229248046875 0.035807291666666664 0.04931640625
16 0.203125 0.37353515625 0.022786458333333332 0.02392578125
16 0.1962890625 0.3994140625 0.0234375 0.0234375
16 0.23665364583333334 0.379638671875 0.028645833333333332 0.02490234375
16 0.2662760416666667 0.38525390625 0.030598958333333332 0.02734375
16 0.23014322916666666 0.405517578125 0.028645833333333332 0.02392578125
16 0.2610677083333333 0.410888671875 0.027994791666666668 0.02490234375
11 0.296875 0.08642578125 0.029296875 0.0390625