17 0.5836588541666666 0.689453125 0.029947916666666668 0.041015625
17 0.5725911458333334 0.6435546875 0.032552083333333336 0.041015625
17 0.548828125 0.5546875 0.029296875 0.0390625
14 0.17252604166666666 0.815185546875 0.14778645833333334 0.05029296875
4 0.08984375 0.8251953125 0.024088541666666668 0.0263671875
1 0.5589192708333334 0.599365234375 0.036458333333333336 0.03662109375
1 0.2760416666666667 0.79736328125 0.06640625 0.02734375
16 0.4609375 0.75439453125 0.032552083333333336 0.017578125
16 0.4954427083333333 0.748779296875 0.03125 0.017578125
16 0.455078125 0.728759765625 0.033854166666666664 0.02197265625
16 0.4505208333333333 0.7060546875 0.037109375 0.0234375
16 0.4892578125 0.723388671875 0.032552083333333336 0.021484375
16 0.4840494791666667 0.69970703125 0.033203125 0.021484375
11 0.0849609375 0.7998046875 0.026041666666666668 0.0185546875