17 0.765625 0.488525390625 0.052734375 0.0166015625
17 0.7037760416666666 0.484619140625 0.052083333333333336 0.01904296875
17 0.5830078125 0.478759765625 0.049479166666666664 0.0166015625
14 0.8212890625 0.818603515625 0.045572916666666664 0.10888671875
4 0.8118489583333334 0.89013671875 0.033203125 0.03125
1 0.6432291666666666 0.483154296875 0.045572916666666664 0.0224609375
1 0.8248697916666666 0.7392578125 0.02734375 0.0478515625
16 0.8173828125 0.59423828125 0.018880208333333332 0.0224609375
16 0.8193359375 0.56787109375 0.01953125 0.021484375
16 0.783203125 0.591796875 0.024739583333333332 0.02294921875
16 0.7526041666666666 0.589111328125 0.026692708333333332 0.025390625
16 0.7848307291666666 0.5654296875 0.024739583333333332 0.02197265625
16 0.7532552083333334 0.563232421875 0.024088541666666668 0.02294921875
11 0.7779947916666666 0.888427734375 0.022786458333333332 0.03759765625