17 0.5592447916666666 0.686279296875 0.033854166666666664 0.03955078125
17 0.5556640625 0.64306640625 0.026692708333333332 0.03857421875
17 0.5436197916666666 0.557373046875 0.028645833333333332 0.037109375
14 0.16829427083333334 0.785888671875 0.13541666666666666 0.04052734375
1 0.548828125 0.601806640625 0.032552083333333336 0.033203125
1 0.2692057291666667 0.772216796875 0.064453125 0.02197265625
4 0.07747395833333333 0.792724609375 0.041015625 0.02587890625
16 0.4417317708333333 0.71728515625 0.026692708333333332 0.01806640625
16 0.4361979166666667 0.69580078125 0.030598958333333332 0.01806640625
16 0.47265625 0.714111328125 0.030598958333333332 0.01904296875
16 0.4697265625 0.690673828125 0.031901041666666664 0.01953125