17 0.7473958333333334 0.4521484375 0.052734375 0.02587890625
17 0.6897786458333334 0.455810546875 0.052083333333333336 0.0205078125
17 0.5758463541666666 0.46630859375 0.049479166666666664 0.02197265625
14 0.8870442708333334 0.74365234375 0.056640625 0.1015625
1 0.634765625 0.461669921875 0.044270833333333336 0.02490234375
1 0.8668619791666666 0.66845703125 0.030598958333333332 0.048828125
4 0.8977864583333334 0.8115234375 0.03515625 0.03125
16 0.7906901041666666 0.539794921875 0.024739583333333332 0.02001953125
16 0.7620442708333334 0.54443359375 0.024739583333333332 0.02294921875
16 0.7858072916666666 0.5166015625 0.026041666666666668 0.02294921875
16 0.7548828125 0.51953125 0.026692708333333332 0.02392578125