17 0.4108072916666667 0.3203125 0.0390625 0.041015625
17 0.4215494791666667 0.36328125 0.031901041666666664 0.03955078125
17 0.4475911458333333 0.447021484375 0.033203125 0.0380859375
14 0.7828776041666666 0.18603515625 0.13671875 0.0517578125
1 0.4348958333333333 0.403564453125 0.037109375 0.03515625
1 0.6848958333333334 0.208740234375 0.06575520833333333 0.02734375
4 0.8717447916666666 0.1708984375 0.043619791666666664 0.02880859375
16 0.5224609375 0.27880859375 0.028645833333333332 0.02001953125
16 0.5315755208333334 0.2998046875 0.031901041666666664 0.02001953125
16 0.4921875 0.28515625 0.032552083333333336 0.02099609375
16 0.4993489583333333 0.307861328125 0.033854166666666664 0.02197265625