17 0.5393880208333334 0.552490234375 0.033854166666666664 0.0439453125
17 0.5250651041666666 0.454345703125 0.031901041666666664 0.0439453125
14 0.095703125 0.701171875 0.14388020833333334 0.0419921875
1 0.20182291666666666 0.68994140625 0.06510416666666667 0.02392578125
1 0.5325520833333334 0.5029296875 0.032552083333333336 0.037109375
11 0.2763671875 0.659912109375 0.055989583333333336 0.02001953125
11 0.2786458333333333 0.681396484375 0.057942708333333336 0.021484375
16 0.4078776041666667 0.659423828125 0.03515625 0.0205078125
16 0.404296875 0.6337890625 0.03515625 0.02099609375
16 0.3994140625 0.608154296875 0.034505208333333336 0.0185546875
16 0.4436848958333333 0.65478515625 0.027994791666666668 0.01806640625
16 0.4401041666666667 0.62939453125 0.03515625 0.0205078125
16 0.435546875 0.604736328125 0.037109375 0.021484375