17 0.4270833333333333 0.52490234375 0.056640625 0.021484375
17 0.55859375 0.522705078125 0.056640625 0.02001953125
4 0.2692057291666667 0.091796875 0.034505208333333336 0.03466796875
14 0.2679036458333333 0.173828125 0.043619791666666664 0.11767578125
1 0.2737630208333333 0.2607421875 0.026692708333333332 0.04736328125
1 0.4934895833333333 0.52392578125 0.047526041666666664 0.021484375
11 0.3069661458333333 0.31884765625 0.022135416666666668 0.041015625
11 0.2783203125 0.31884765625 0.0234375 0.04248046875
16 0.2962239583333333 0.417236328125 0.024739583333333332 0.02490234375
16 0.3307291666666667 0.416748046875 0.025390625 0.02490234375
16 0.365234375 0.415283203125 0.022135416666666668 0.02490234375
16 0.2994791666666667 0.444580078125 0.022135416666666668 0.02001953125
16 0.3333333333333333 0.444091796875 0.024739583333333332 0.02490234375
16 0.3665364583333333 0.442626953125 0.026041666666666668 0.0263671875