4 0.236328125 0.153076171875 0.031901041666666664 0.0302734375
11 0.271484375 0.15478515625 0.022786458333333332 0.037109375
11 0.2994791666666667 0.155517578125 0.0234375 0.03955078125
17 0.3736979166666667 0.54541015625 0.049479166666666664 0.02099609375
17 0.4921875 0.543701171875 0.05078125 0.0224609375
1 0.4329427083333333 0.544677734375 0.044921875 0.02294921875
1 0.23697916666666666 0.30712890625 0.022135416666666668 0.041015625
14 0.23307291666666666 0.2255859375 0.031901041666666664 0.10009765625
11 0.24055989583333334 0.358642578125 0.0234375 0.0361328125
16 0.25390625 0.4501953125 0.0234375 0.021484375
16 0.2864583333333333 0.448486328125 0.0234375 0.0224609375
16 0.318359375 0.448974609375 0.022786458333333332 0.0224609375
16 0.2571614583333333 0.47314453125 0.022135416666666668 0.021484375
16 0.2884114583333333 0.474365234375 0.022786458333333332 0.02001953125
16 0.3203125 0.473388671875 0.0234375 0.02490234375