4 0.6529947916666666 0.88232421875 0.037760416666666664 0.033203125
11 0.619140625 0.875 0.029947916666666668 0.0390625
11 0.591796875 0.86962890625 0.03125 0.04150390625
17 0.63671875 0.47705078125 0.052734375 0.0263671875
17 0.5205078125 0.458740234375 0.0546875 0.02783203125
1 0.5787760416666666 0.4677734375 0.048177083333333336 0.02783203125
1 0.6985677083333334 0.732421875 0.029947916666666668 0.04248046875
14 0.677734375 0.8125 0.052083333333333336 0.1015625
11 0.7102864583333334 0.681396484375 0.029947916666666668 0.0380859375
16 0.724609375 0.58984375 0.027994791666666668 0.02392578125
16 0.6923828125 0.586181640625 0.02734375 0.02490234375
16 0.6614583333333334 0.580322265625 0.026692708333333332 0.0244140625
16 0.728515625 0.567138671875 0.026692708333333332 0.02392578125
16 0.6985677083333334 0.560791015625 0.026692708333333332 0.0224609375
16 0.6673177083333334 0.55615234375 0.027994791666666668 0.02734375