4 0.17447916666666666 0.18408203125 0.037109375 0.03271484375
11 0.20963541666666666 0.181884765625 0.029296875 0.03857421875
11 0.23763020833333334 0.1796875 0.029947916666666668 0.04150390625
17 0.3834635416666667 0.55810546875 0.052734375 0.025390625
17 0.5003255208333334 0.544189453125 0.054036458333333336 0.02734375
1 0.4420572916666667 0.55126953125 0.048177083333333336 0.02734375
1 0.20377604166666666 0.33642578125 0.029296875 0.04248046875
14 0.18489583333333334 0.256103515625 0.050130208333333336 0.1015625
11 0.21712239583333334 0.38720703125 0.029296875 0.0380859375
16 0.2470703125 0.476318359375 0.02734375 0.0234375
16 0.2789713541666667 0.47119140625 0.026692708333333332 0.0244140625
16 0.3108723958333333 0.468505859375 0.026041666666666668 0.0244140625
16 0.2545572916666667 0.498779296875 0.026041666666666668 0.0234375
16 0.2858072916666667 0.49658203125 0.026041666666666668 0.02197265625
16 0.3170572916666667 0.492431640625 0.02734375 0.02685546875