4 0.9889322916666666 0.319580078125 0.020833333333333332 0.02978515625
16 0.5615234375 0.321533203125 0.031901041666666664 0.0185546875
16 0.5602213541666666 0.347412109375 0.033203125 0.017578125
16 0.5595703125 0.373291015625 0.033203125 0.0166015625
16 0.5244140625 0.320556640625 0.033203125 0.01953125
16 0.5231119791666666 0.346923828125 0.031901041666666664 0.01806640625
16 0.5244140625 0.373291015625 0.029947916666666668 0.0166015625
11 0.9850260416666666 0.34912109375 0.028645833333333332 0.0185546875
11 0.6910807291666666 0.3125 0.051432291666666664 0.01708984375
1 0.4163411458333333 0.460205078125 0.021484375 0.03515625
1 0.7682291666666666 0.31201171875 0.06315104166666667 0.01904296875
14 0.88671875 0.313232421875 0.15494791666666666 0.025390625
17 0.4205729166666667 0.412109375 0.021484375 0.041015625
17 0.4208984375 0.50732421875 0.026692708333333332 0.0390625