4 0.9306640625 0.2470703125 0.031901041666666664 0.03173828125
16 0.5107421875 0.31591796875 0.03515625 0.02197265625
16 0.5166015625 0.34130859375 0.036458333333333336 0.021484375
16 0.5231119791666666 0.36669921875 0.035807291666666664 0.0205078125
16 0.4739583333333333 0.32080078125 0.037109375 0.0234375
16 0.4801432291666667 0.3466796875 0.03515625 0.021484375
16 0.4889322916666667 0.372314453125 0.032552083333333336 0.02001953125
11 0.9345703125 0.2763671875 0.035807291666666664 0.02197265625
11 0.6350911458333334 0.286865234375 0.054036458333333336 0.0234375
1 0.4072265625 0.474365234375 0.029296875 0.037109375
1 0.7102864583333334 0.2744140625 0.06575520833333333 0.02685546875
14 0.826171875 0.2568359375 0.15755208333333334 0.044921875
17 0.3981119791666667 0.42626953125 0.030598958333333332 0.04296875
17 0.4248046875 0.51953125 0.03515625 0.04150390625