4 0.2858072916666667 0.11474609375 0.041015625 0.0361328125
16 0.265625 0.444580078125 0.026041666666666668 0.0244140625
16 0.3001302083333333 0.447021484375 0.024739583333333332 0.025390625
16 0.3343098958333333 0.44873046875 0.0234375 0.025390625
16 0.2623697916666667 0.472412109375 0.02734375 0.02587890625
16 0.2975260416666667 0.474609375 0.025390625 0.0244140625
16 0.3326822916666667 0.47509765625 0.0234375 0.02294921875
11 0.3255208333333333 0.118896484375 0.026692708333333332 0.04150390625
11 0.2604166666666667 0.346923828125 0.025390625 0.0390625
1 0.4427083333333333 0.560546875 0.047526041666666664 0.01806640625
1 0.263671875 0.289306640625 0.028645833333333332 0.0478515625
14 0.271484375 0.20068359375 0.041666666666666664 0.1171875
17 0.3785807291666667 0.554931640625 0.055338541666666664 0.0185546875
17 0.5055338541666666 0.5595703125 0.053385416666666664 0.02197265625