4 0.99609375 0.31494140625 0.006510416666666667 0.0283203125
17 0.4309895833333333 0.474853515625 0.028645833333333332 0.0400390625
17 0.443359375 0.381103515625 0.030598958333333332 0.0439453125
1 0.7952473958333334 0.29931640625 0.0625 0.02294921875
1 0.4358723958333333 0.4287109375 0.029947916666666668 0.03662109375
14 0.91015625 0.304931640625 0.1484375 0.0322265625
11 0.72265625 0.29541015625 0.057942708333333336 0.021484375
16 0.5914713541666666 0.297119140625 0.034505208333333336 0.021484375
16 0.5891927083333334 0.323486328125 0.036458333333333336 0.02001953125
16 0.5875651041666666 0.347900390625 0.03125 0.01806640625
16 0.5579427083333334 0.2958984375 0.033203125 0.0205078125
16 0.5540364583333334 0.3212890625 0.03125 0.0205078125
16 0.55078125 0.345458984375 0.029947916666666668 0.01904296875
11 0.9869791666666666 0.366943359375 0.024739583333333332 0.02001953125