4 0.2718098958333333 0.107177734375 0.0390625 0.03466796875
17 0.4641927083333333 0.55078125 0.054036458333333336 0.0224609375
17 0.3395182291666667 0.538330078125 0.059244791666666664 0.0244140625
1 0.24283854166666666 0.271728515625 0.032552083333333336 0.04736328125
1 0.4026692708333333 0.545654296875 0.049479166666666664 0.0234375
14 0.2542317708333333 0.185546875 0.048177083333333336 0.11181640625
11 0.2353515625 0.326171875 0.030598958333333332 0.0439453125
16 0.23307291666666666 0.42431640625 0.029947916666666668 0.02685546875
16 0.2679036458333333 0.427001953125 0.027994791666666668 0.02783203125
16 0.3004557291666667 0.428955078125 0.024739583333333332 0.02392578125
16 0.23014322916666666 0.449462890625 0.028645833333333332 0.025390625
16 0.263671875 0.453125 0.027994791666666668 0.02392578125
16 0.2958984375 0.45654296875 0.026041666666666668 0.02294921875
11 0.3395182291666667 0.12158203125 0.02734375 0.0361328125