4 0.3372395833333333 0.089111328125 0.04296875 0.037109375
17 0.4560546875 0.547119140625 0.055989583333333336 0.02685546875
17 0.3346354166666667 0.5234375 0.061197916666666664 0.029296875
1 0.2819010416666667 0.249755859375 0.0390625 0.048828125
1 0.3958333333333333 0.536376953125 0.052083333333333336 0.02734375
14 0.3072916666666667 0.16552734375 0.06510416666666667 0.1123046875
11 0.265625 0.30322265625 0.037109375 0.044921875
16 0.24739583333333334 0.400390625 0.033203125 0.0283203125
16 0.2815755208333333 0.40625 0.031901041666666664 0.029296875
16 0.3134765625 0.411376953125 0.027994791666666668 0.025390625
16 0.240234375 0.42529296875 0.03125 0.02734375
16 0.2731119791666667 0.431884765625 0.03125 0.02587890625
16 0.3043619791666667 0.438232421875 0.028645833333333332 0.0244140625
11 0.40234375 0.10986328125 0.032552083333333336 0.037109375