4 0.966796875 0.298583984375 0.04296875 0.02490234375
16 0.5625 0.308349609375 0.031901041666666664 0.0185546875
16 0.529296875 0.30859375 0.028645833333333332 0.01806640625
16 0.5611979166666666 0.333251953125 0.031901041666666664 0.017578125
16 0.5631510416666666 0.356201171875 0.029947916666666668 0.01708984375
16 0.5279947916666666 0.3330078125 0.026692708333333332 0.01904296875
16 0.5286458333333334 0.35693359375 0.026692708333333332 0.0166015625
1 0.4309895833333333 0.443359375 0.028645833333333332 0.0322265625
1 0.755859375 0.29638671875 0.056640625 0.015625
14 0.8655598958333334 0.29443359375 0.14192708333333334 0.025390625
11 0.6845703125 0.3193359375 0.041015625 0.015625
11 0.9599609375 0.347412109375 0.044921875 0.01513671875
17 0.4287109375 0.3974609375 0.026692708333333332 0.0390625
17 0.4280598958333333 0.4892578125 0.024739583333333332 0.0380859375