4 0.3255208333333333 0.117919921875 0.039713541666666664 0.03564453125
16 0.2610677083333333 0.417236328125 0.029296875 0.0263671875
16 0.2552083333333333 0.44189453125 0.027994791666666668 0.02392578125
16 0.2932942708333333 0.423095703125 0.027994791666666668 0.02587890625
16 0.3235677083333333 0.426025390625 0.026692708333333332 0.0244140625
16 0.2867838541666667 0.447509765625 0.028645833333333332 0.0224609375
16 0.318359375 0.45166015625 0.025390625 0.02197265625
1 0.4124348958333333 0.5400390625 0.046223958333333336 0.0263671875
1 0.2822265625 0.27294921875 0.029296875 0.0439453125
14 0.30078125 0.191650390625 0.055338541666666664 0.1083984375
11 0.298828125 0.32958984375 0.026692708333333332 0.0322265625
11 0.3880208333333333 0.132080078125 0.026692708333333332 0.03515625
17 0.3522135416666667 0.532958984375 0.055338541666666664 0.02587890625
17 0.4723307291666667 0.55078125 0.053385416666666664 0.0244140625