4 0.7096354166666666 0.8720703125 0.037109375 0.0341796875
16 0.74609375 0.570068359375 0.02734375 0.025390625
16 0.7496744791666666 0.545166015625 0.026041666666666668 0.02294921875
16 0.7132161458333334 0.56591796875 0.026041666666666668 0.02490234375
16 0.6826171875 0.564453125 0.025390625 0.0234375
16 0.7174479166666666 0.541259765625 0.02734375 0.021484375
16 0.6858723958333334 0.538818359375 0.024088541666666668 0.02099609375
1 0.5833333333333334 0.45556640625 0.044921875 0.0244140625
1 0.73828125 0.715087890625 0.026041666666666668 0.04345703125
14 0.7275390625 0.79736328125 0.045572916666666664 0.10791015625
11 0.7164713541666666 0.659423828125 0.024088541666666668 0.03173828125
11 0.6458333333333334 0.861083984375 0.024088541666666668 0.03466796875
17 0.64453125 0.459228515625 0.054036458333333336 0.0234375
17 0.5231119791666666 0.44775390625 0.052083333333333336 0.02197265625