4 0.6979166666666666 0.929931640625 0.041015625 0.037109375
17 0.6227213541666666 0.482666015625 0.057942708333333336 0.02197265625
17 0.4970703125 0.47412109375 0.055989583333333336 0.0244140625
14 0.7158203125 0.848388671875 0.052083333333333336 0.11767578125
1 0.560546875 0.47900390625 0.049479166666666664 0.02490234375
1 0.7268880208333334 0.756103515625 0.029947916666666668 0.05078125
11 0.7034505208333334 0.6953125 0.027994791666666668 0.04052734375
11 0.6285807291666666 0.919677734375 0.028645833333333332 0.0400390625
16 0.7320963541666666 0.6005859375 0.030598958333333332 0.02587890625
16 0.697265625 0.597412109375 0.029947916666666668 0.0302734375
16 0.6643880208333334 0.59423828125 0.029296875 0.02783203125
16 0.7340494791666666 0.57275390625 0.031901041666666664 0.02685546875
16 0.7001953125 0.571044921875 0.028645833333333332 0.021484375
16 0.6676432291666666 0.566650390625 0.028645833333333332 0.02392578125