17 0.4921875 0.406494140625 0.035807291666666664 0.04443359375
17 0.4654947916666667 0.4990234375 0.038411458333333336 0.04345703125
14 0.9537760416666666 0.380859375 0.09114583333333333 0.05078125
1 0.4794921875 0.452392578125 0.038411458333333336 0.03857421875
1 0.8665364583333334 0.3623046875 0.06901041666666667 0.02783203125
11 0.783203125 0.372314453125 0.055989583333333336 0.02490234375
16 0.6614583333333334 0.33935546875 0.036458333333333336 0.02490234375
16 0.6529947916666666 0.364990234375 0.04296875 0.025390625
16 0.6448567708333334 0.38916015625 0.039713541666666664 0.02490234375
16 0.6246744791666666 0.334716796875 0.038411458333333336 0.0263671875
16 0.6184895833333334 0.359619140625 0.03125 0.0234375
16 0.6083984375 0.38330078125 0.034505208333333336 0.02392578125