4 0.8216145833333334 0.885498046875 0.040364583333333336 0.03662109375
17 0.6145833333333334 0.46240234375 0.057291666666666664 0.021484375
17 0.4892578125 0.475341796875 0.055989583333333336 0.0234375
14 0.8147786458333334 0.80322265625 0.048828125 0.11767578125
1 0.552734375 0.46923828125 0.048828125 0.0244140625
1 0.7978515625 0.711181640625 0.028645833333333332 0.05078125
11 0.7568359375 0.656005859375 0.026692708333333332 0.04052734375
11 0.7513020833333334 0.88720703125 0.027994791666666668 0.03955078125
16 0.7565104166666666 0.558837890625 0.029947916666666668 0.025390625
16 0.7213541666666666 0.5615234375 0.029296875 0.0302734375
16 0.6884765625 0.564208984375 0.028645833333333332 0.02783203125
16 0.75 0.53125 0.03125 0.0263671875
16 0.7164713541666666 0.535400390625 0.027994791666666668 0.021484375
16 0.6832682291666666 0.53662109375 0.027994791666666668 0.02392578125