16 0.34765625 0.7259684361549498 0.0421875 0.03012912482065997
16 0.29140625 0.7259684361549498 0.0375 0.028694404591104734
16 0.2375 0.7259684361549498 0.0421875 0.027259684361549498
2 0.33984375 0.2661406025824964 0.1296875 0.11908177905308465
15 0.08515625 0.3048780487804878 0.0765625 0.13773314203730272
0 0.27265625 0.5896700143472023 0.06875 0.058823529411764705
4 0.2859375 0.663558106169297 0.05625 0.04160688665710186
4 0.2203125 0.6621233859397417 0.05625 0.03873744619799139
11 0.21796875 0.5889526542324247 0.0421875 0.05308464849354376
11 0.18203125 0.5911047345767575 0.0546875 0.05738880918220947
3 0.17421875 0.30272596843615496 0.0765625 0.1291248206599713
3 0.225 0.4497847919655667 0.078125 0.1291248206599713
8 0.15 0.48708751793400284 0.0734375 0.03730272596843615
8 0.16640625 0.5344332855093257 0.0734375 0.03730272596843615