16 0.26171875 0.3486370157819225 0.034375 0.040172166427546625
16 0.265625 0.296987087517934 0.0328125 0.035868005738880916
16 0.26796875 0.24748923959827834 0.03125 0.03873744619799139
2 0.76328125 0.36585365853658536 0.1359375 0.12482065997130559
15 0.73359375 0.12984218077474893 0.153125 0.07747489239598278
0 0.4140625 0.28694404591104733 0.06875 0.06599713055954089
4 0.33359375 0.29483500717360117 0.0484375 0.05308464849354376
4 0.33828125 0.23529411764705882 0.0453125 0.05308464849354376
11 0.41796875 0.23672883787661406 0.059375 0.04160688665710186
11 0.41796875 0.20373027259684362 0.065625 0.05308464849354376
3 0.73125 0.2116212338593974 0.14375 0.07604017216642754
3 0.56953125 0.2503586800573888 0.14375 0.07747489239598278
8 0.53203125 0.1800573888091822 0.04375 0.06886657101865136
8 0.4796875 0.19225251076040173 0.04375 0.06886657101865136