16 0.31875 0.7073170731707317 0.0453125 0.03443328550932568
16 0.2625 0.7008608321377331 0.040625 0.03156384505021521
16 0.209375 0.6951219512195121 0.04375 0.03156384505021521
2 0.37265625 0.24964131994261118 0.14375 0.13199426111908177
15 0.1140625 0.26040172166427544 0.09375 0.14347202295552366
0 0.2625 0.563845050215208 0.0765625 0.06599713055954089
4 0.265625 0.6377331420373027 0.0609375 0.047345767575322814
4 0.20078125 0.6291248206599713 0.0609375 0.04447632711621234
11 0.20859375 0.5573888091822095 0.0484375 0.05738880918220947
11 0.17265625 0.554519368723099 0.0625 0.06312769010043041
3 0.203125 0.2682926829268293 0.0921875 0.13486370157819225
3 0.23359375 0.41893830703012913 0.09375 0.13486370157819225
8 0.1546875 0.4483500717360115 0.0765625 0.04447632711621234
8 0.1640625 0.4971305595408895 0.0765625 0.04447632711621234