0 0.5515625 0.7729831144465291 0.0734375 0.10318949343339587
1 0.4171875 0.4437148217636023 0.0640625 0.11819887429643527
11 0.5171875 0.07786116322701689 0.04375 0.09943714821763602
11 0.47109375 0.08348968105065666 0.053125 0.09380863039399624
14 0.4171875 0.2607879924953096 0.0765625 0.24765478424015008
15 0.50390625 0.25422138836772984 0.0796875 0.19887429643527205
16 0.584375 0.8761726078799249 0.0515625 0.058161350844277676
16 0.58984375 0.9549718574108818 0.05 0.0600375234521576
16 0.53125 0.9596622889305816 0.05 0.058161350844277676
16 0.46953125 0.9643527204502814 0.05 0.058161350844277676
16 0.465625 0.8939962476547842 0.046875 0.0525328330206379
16 0.5234375 0.8855534709193246 0.0515625 0.058161350844277676
11 0.57890625 0.6397748592870544 0.0390625 0.09193245778611632
11 0.53359375 0.6397748592870544 0.0375 0.09943714821763602
11 0.48828125 0.7795497185741088 0.0453125 0.09568480300187618
11 0.4453125 0.7814258911819888 0.04375 0.09943714821763602
4 0.41484375 0.08724202626641651 0.065625 0.0675422138836773
10 0.44140625 0.5525328330206379 0.0421875 0.054409005628517824
6 0.434375 0.6529080675422139 0.05625 0.11632270168855535
8 0.4828125 0.6425891181988743 0.046875 0.09380863039399624