0 0.728125 0.4427767354596623 0.084375 0.08630393996247655
1 0.4515625 0.5984990619136961 0.096875 0.075046904315197
11 0.14921875 0.4718574108818011 0.0828125 0.05065666041275797
11 0.15234375 0.5272045028142589 0.078125 0.06191369606003752
14 0.29921875 0.5947467166979362 0.2046875 0.08818011257035648
15 0.2953125 0.4906191369606004 0.165625 0.09193245778611632
16 0.81484375 0.4052532833020638 0.046875 0.06191369606003752
16 0.88046875 0.400562851782364 0.0484375 0.0600375234521576
16 0.88359375 0.4709193245778612 0.046875 0.0600375234521576
16 0.88671875 0.5450281425891182 0.046875 0.0600375234521576
16 0.828125 0.5478424015009381 0.04375 0.05628517823639775
16 0.82109375 0.47842401500938087 0.046875 0.06191369606003752
11 0.6171875 0.4071294559099437 0.075 0.0450281425891182
11 0.6171875 0.46153846153846156 0.08125 0.0450281425891182
11 0.7328125 0.5187617260787992 0.0796875 0.0525328330206379
11 0.73359375 0.5703564727954972 0.0828125 0.05065666041275797
4 0.1546875 0.5947467166979362 0.05625 0.07692307692307693
10 0.5421875 0.5712945590994372 0.0453125 0.05065666041275797
6 0.62578125 0.5816135084427767 0.096875 0.06566604127579738
8 0.61875 0.5225140712945591 0.078125 0.054409005628517824