0 0.5846279640228945 0.05855263157894737 0.08830744071954211 0.11710526315789474
0 0.2383483237939493 0.07828947368421052 0.08013082583810302 0.08552631578947369
1 0.38716271463614066 0.4118421052631579 0.044971381847914965 0.15
1 0.7424366312346689 0.46907894736842104 0.04987735077677841 0.16052631578947368
11 0.3070318887980376 0.0625 0.04088307440719542 0.06973684210526315
11 0.3589533932951758 0.05263157894736842 0.04088307440719542 0.06842105263157895
11 0.3160261651676206 0.22039473684210525 0.04251839738348324 0.1355263157894737
11 0.36999182338511855 0.2131578947368421 0.04578904333605887 0.1368421052631579
11 0.6700735895339329 0.24473684210526317 0.044971381847914965 0.1355263157894737
11 0.6561733442354865 0.04671052631578947 0.04333605887162715 0.09342105263157895
11 0.7101390024529844 0.04078947368421053 0.04660670482420278 0.08157894736842106
14 0.39942763695829925 0.8539473684210527 0.07440719542109567 0.2894736842105263
14 0.7530662305805397 0.7888157894736842 0.07604251839738348 0.3460526315789474
12 0.39942763695829925 0.6144736842105263 0.025347506132461162 0.09210526315789473
12 0.7301717089125103 0.2375 0.028618152085036794 0.09605263157894736