0 0.2555192150449714 0.21447368421052632 0.11120196238757155 0.16052631578947368
0 0.1418642681929681 0.7427631578947368 0.107113654946852 0.15263157894736842
4 0.8352412101390024 0.9868421052631579 0.06950122649223221 0.02368421052631579
4 0.9313164349959117 0.49407894736842106 0.0686835650040883 0.11447368421052631
1 0.41005723630417007 0.6401315789473684 0.09566639411283728 0.09078947368421053
1 0.5645952575633688 0.12236842105263158 0.10302534750613246 0.1
11 0.8528209321340965 0.9151315789473684 0.08585445625511039 0.09078947368421053
11 0.8642681929681112 0.8328947368421052 0.08176614881439084 0.08289473684210526
11 0.9484873262469338 0.3756578947368421 0.08830744071954211 0.09078947368421053
11 0.9587080948487327 0.2881578947368421 0.08094848732624693 0.0868421052631579
11 0.15780866721177433 0.6348684210526315 0.0874897792313982 0.0881578947368421
11 0.17007358953393295 0.5526315789473685 0.0866721177432543 0.0868421052631579
11 0.2735077677841374 0.6822368421052631 0.0866721177432543 0.08552631578947369
11 0.2878168438266558 0.5986842105263158 0.08830744071954211 0.09078947368421053
11 0.4092395748160262 0.15592105263157896 0.0874897792313982 0.08947368421052632
11 0.27432542927228126 0.10197368421052631 0.08830744071954211 0.08552631578947369
11 0.28577269010629597 0.031578947368421054 0.09076042518397383 0.06315789473684211
16 0.028209321340964842 0.7447368421052631 0.053147996729354045 0.0881578947368421
16 0.046197874080130825 0.6388157894736842 0.053147996729354045 0.09078947368421053
16 0.06255110384300899 0.5342105263157895 0.05478331970564186 0.09078947368421053
16 0.1214227309893704 0.20921052631578949 0.05723630417007359 0.09473684210526316
16 0.13900245298446443 0.09868421052631579 0.0580539656582175 0.09210526315789473
16 0.1561733442354865 0.017763157894736842 0.05723630417007359 0.035526315789473684
14 0.6982829108748978 0.7848684210526315 0.2338511856091578 0.1723684210526316
14 0.76778413736713 0.22171052631578947 0.24121013900245297 0.1763157894736842
12 0.5322976287816844 0.6914473684210526 0.058871627146361405 0.05263157894736842
12 0.42559280457890436 0.06184210526315789 0.06132461161079313 0.05789473684210526