0 0.7820932134096484 0.6743421052631579 0.0964840556009812 0.13026315789473683
0 0.8070318887980377 0.11644736842105263 0.09321340964840556 0.12368421052631579
4 0.09076042518397383 0.12697368421052632 0.05723630417007359 0.09210526315789473
4 0.08462796402289452 0.6855263157894737 0.05723630417007359 0.09605263157894736
1 0.5641864268192968 0.3269736842105263 0.09076042518397383 0.060526315789473685
1 0.49795584627964024 0.8914473684210527 0.0973017170891251 0.06710526315789474
11 0.09239574816026165 0.24605263157894736 0.08013082583810302 0.06447368421052632
11 0.09443990188062143 0.33026315789473687 0.07686017988552739 0.05789473684210526
11 0.0866721177432543 0.8072368421052631 0.08258381030253475 0.06315789473684211
11 0.0874897792313982 0.8973684210526316 0.08176614881439084 0.05789473684210526
11 0.8090760425183974 0.22763157894736843 0.08176614881439084 0.060526315789473685
11 0.8103025347506132 0.3118421052631579 0.08094848732624693 0.060526315789473685
11 0.6892886345053147 0.22960526315789473 0.08176614881439084 0.05789473684210526
11 0.6888798037612428 0.31644736842105264 0.08258381030253475 0.06315789473684211
11 0.643090760425184 0.7947368421052632 0.08176614881439084 0.06184210526315789
11 0.7820932134096484 0.7901315789473684 0.08340147179067865 0.05789473684210526
11 0.7849550286181521 0.8776315789473684 0.08421913327882256 0.06315789473684211
16 0.9165985282093213 0.06710526315789474 0.044153720359771054 0.075
16 0.9161896974652494 0.1769736842105263 0.044153720359771054 0.07763157894736843
16 0.9170073589533932 0.2848684210526316 0.04578904333605887 0.07631578947368421
16 0.9121013900245298 0.6230263157894737 0.047424366312346686 0.08026315789473684
16 0.9129190515126737 0.7368421052631579 0.04905968928863451 0.07631578947368421
16 0.9145543744889616 0.85 0.047424366312346686 0.07763157894736843
14 0.26287816843826656 0.30723684210526314 0.22894521668029436 0.09210526315789473
14 0.28618152085036797 0.8802631578947369 0.23630417007358953 0.09342105263157895
12 0.43785772690106295 0.32894736842105265 0.05560098119378577 0.03289473684210526
12 0.6422730989370401 0.8921052631578947 0.05723630417007359 0.038157894736842106