1 0.59 0.5558333333333333 0.065 0.17333333333333334
15 0.5035 0.8791666666666667 0.111 0.23833333333333334
14 0.623 0.83 0.099 0.28
11 0.463 0.6066666666666667 0.054 0.14333333333333334
11 0.513 0.5883333333333334 0.053 0.145
0 0.406 0.13333333333333333 0.091 0.17166666666666666
11 0.477 0.1075 0.05 0.13833333333333334
11 0.5245 0.08833333333333333 0.051 0.14166666666666666
11 0.4065 0.38166666666666665 0.05 0.13
11 0.4565 0.3616666666666667 0.049 0.12333333333333334
11 0.507 0.3433333333333333 0.052 0.12
11 0.56 0.325 0.055 0.12666666666666668