1 0.435 0.6175 0.103 0.09833333333333333
15 0.257 0.3525 0.201 0.18
14 0.2345 0.5566666666666666 0.237 0.165
11 0.4545 0.4025 0.085 0.08166666666666667
11 0.446 0.4875 0.086 0.08
0 0.739 0.4925 0.099 0.14333333333333334
11 0.727 0.6116666666666667 0.081 0.07666666666666666
11 0.7195 0.6925 0.083 0.07666666666666666
4 0.0715 0.4875 0.071 0.12166666666666667
4 0.0855 0.33666666666666667 0.071 0.11666666666666667
16 0.8515 0.48 0.048 0.08333333333333333
16 0.923 0.49666666666666665 0.049 0.08333333333333333
16 0.8405 0.5875 0.051 0.08666666666666667
16 0.9125 0.6058333333333333 0.052 0.08833333333333333
16 0.9015 0.7158333333333333 0.051 0.08833333333333333
10 0.83 0.7025 0.069 0.105
11 0.6005 0.4 0.077 0.07666666666666666
11 0.593 0.485 0.073 0.075
11 0.5845 0.5691666666666667 0.07 0.08
11 0.575 0.6583333333333333 0.075 0.085