1 0.4175 0.4191666666666667 0.049 0.165
15 0.538 0.11833333333333333 0.088 0.23666666666666666
14 0.414 0.13916666666666666 0.073 0.27
11 0.5475 0.4058333333333333 0.041 0.13666666666666666
11 0.496 0.4091666666666667 0.04 0.13833333333333334
0 0.5545 0.8883333333333333 0.078 0.155
11 0.482 0.8933333333333333 0.038 0.13166666666666665
11 0.433 0.8983333333333333 0.038 0.135
11 0.5795 0.6433333333333333 0.039 0.12333333333333334
11 0.528 0.6483333333333333 0.039 0.11666666666666667
11 0.4765 0.6525 0.041 0.11166666666666666
11 0.423 0.655 0.045 0.11833333333333333