11 0.41875 0.2190923317683881 0.0625 0.046948356807511735
11 0.425 0.18309859154929578 0.0609375 0.051643192488262914
15 0.73359375 0.257433489827856 0.1640625 0.09859154929577464
16 0.24453125 0.29577464788732394 0.046875 0.050078247261345854
16 0.25625 0.2433489827856025 0.0453125 0.050078247261345854
16 0.26796875 0.19248826291079812 0.0453125 0.04538341158059468
3 0.5625 0.26134585289514867 0.1578125 0.09859154929577464
4 0.32578125 0.2566510172143975 0.0546875 0.0594679186228482
4 0.33828125 0.19248826291079812 0.0515625 0.057902973395931145
0 0.41015625 0.26604068857589985 0.06875 0.06729264475743349
8 0.5421875 0.1784037558685446 0.05625 0.07981220657276995
8 0.4890625 0.17918622848200313 0.0515625 0.07355242566510173
4 0.71171875 0.17918622848200313 0.0671875 0.06259780907668232
16 0.7921875 0.16823161189358374 0.034375 0.03286384976525822