11 0.21953125 0.581377151799687 0.046875 0.06259780907668232
11 0.18359375 0.5751173708920188 0.0515625 0.06103286384976526
15 0.2578125 0.26604068857589985 0.0984375 0.1643192488262911
16 0.29609375 0.755868544600939 0.05 0.046948356807511735
16 0.24375 0.744131455399061 0.05 0.04538341158059468
16 0.19296875 0.7323943661971831 0.0453125 0.04538341158059468
3 0.26171875 0.43740219092331767 0.0984375 0.15805946791862285
4 0.25703125 0.6744913928012519 0.059375 0.054773082942097026
4 0.19296875 0.6619718309859155 0.0578125 0.051643192488262914
0 0.26640625 0.5899843505477308 0.0671875 0.06885758998435054
8 0.17890625 0.45774647887323944 0.0796875 0.056338028169014086
8 0.1796875 0.5109546165884195 0.0734375 0.051643192488262914
4 0.1796875 0.28794992175273865 0.0625 0.06729264475743349
16 0.16875 0.20735524256651017 0.0328125 0.03442879499217527