11 0.3359375 0.25821596244131456 0.0578125 0.03755868544600939
11 0.33125 0.2214397496087637 0.05625 0.04381846635367762
15 0.646875 0.19718309859154928 0.1578125 0.07355242566510173
16 0.19453125 0.38497652582159625 0.040625 0.04538341158059468
16 0.1890625 0.33098591549295775 0.0390625 0.04538341158059468
16 0.184375 0.27856025039123633 0.040625 0.0406885758998435
3 0.4859375 0.2535211267605634 0.1515625 0.07511737089201878
4 0.25859375 0.3223787167449139 0.046875 0.053208137715179966
4 0.2515625 0.257433489827856 0.04375 0.053208137715179966
0 0.3421875 0.3051643192488263 0.0609375 0.057902973395931145
8 0.440625 0.1807511737089202 0.0453125 0.07511737089201878
8 0.390625 0.19874804381846636 0.0421875 0.06885758998435054
4 0.60234375 0.1298904538341158 0.059375 0.053208137715179966
16 0.675 0.09389671361502347 0.0296875 0.028169014084507043