16 0.9428571428571428 0.6153846153846154 0.06666666666666667 0.2271062271062271
16 0.9243386243386243 0.8681318681318682 0.06666666666666667 0.23076923076923078
15 0.2714285714285714 0.19047619047619047 0.21904761904761905 0.38095238095238093
14 0.23756613756613756 0.554945054945055 0.2677248677248677 0.4542124542124542
0 0.8074074074074075 0.5989010989010989 0.11746031746031746 0.3443223443223443
1 0.4544973544973545 0.7857142857142857 0.1164021164021164 0.23809523809523808
11 0.7873015873015873 0.8791208791208791 0.09735449735449736 0.21245421245421245
16 0.056613756613756616 0.3534798534798535 0.07407407407407407 0.23809523809523808
10 0.08306878306878307 0.07509157509157509 0.08148148148148149 0.15018315018315018
11 0.4888888888888889 0.3553113553113553 0.0962962962962963 0.2087912087912088
11 0.47354497354497355 0.5531135531135531 0.10158730158730159 0.21978021978021978
11 0.6354497354497355 0.521978021978022 0.0962962962962963 0.20512820512820512
11 0.6216931216931217 0.7197802197802198 0.0962962962962963 0.20512820512820512
6 0.6047619047619047 0.9175824175824175 0.11746031746031746 0.1575091575091575