1 0.80224609375 0.5043402777777778 0.0888671875 0.08854166666666667
0 0.40771484375 0.5034722222222222 0.0927734375 0.1284722222222222
12 0.42626953125 0.3515625 0.052734375 0.057291666666666664
11 0.63671875 0.5112847222222222 0.076171875 0.0798611111111111
11 0.6455078125 0.4470486111111111 0.0771484375 0.08506944444444445
11 0.5087890625 0.5911458333333334 0.0712890625 0.07291666666666667
11 0.517578125 0.5295138888888888 0.0712890625 0.07118055555555555
11 0.52685546875 0.4635416666666667 0.072265625 0.07118055555555555
11 0.53515625 0.4010416666666667 0.0732421875 0.07465277777777778
17 0.78759765625 0.5946180555555556 0.0986328125 0.09722222222222222
16 0.23779296875 0.4722222222222222 0.044921875 0.07291666666666667
16 0.1787109375 0.4479166666666667 0.0478515625 0.0763888888888889
16 0.25048828125 0.3888888888888889 0.0498046875 0.0798611111111111
16 0.18798828125 0.3671875 0.048828125 0.0763888888888889
16 0.19921875 0.2829861111111111 0.0478515625 0.0763888888888889
11 0.41748046875 0.4175347222222222 0.0751953125 0.07465277777777778
4 0.626953125 0.5989583333333334 0.0576171875 0.0920138888888889
10 0.26123046875 0.3046875 0.0576171875 0.08680555555555555