1 0.796875 0.4019097222222222 0.0849609375 0.06076388888888889
0 0.41015625 0.5347222222222222 0.0849609375 0.10243055555555555
12 0.41162109375 0.3793402777777778 0.0498046875 0.041666666666666664
11 0.6357421875 0.4652777777777778 0.072265625 0.057291666666666664
11 0.63720703125 0.3984375 0.072265625 0.0625
11 0.5185546875 0.5859375 0.068359375 0.050347222222222224
11 0.5205078125 0.5225694444444444 0.068359375 0.04861111111111111
11 0.5224609375 0.4557291666666667 0.0693359375 0.04861111111111111
11 0.52392578125 0.3914930555555556 0.0693359375 0.052083333333333336
17 0.79248046875 0.4956597222222222 0.0947265625 0.06597222222222222
16 0.23974609375 0.5616319444444444 0.0390625 0.06076388888888889
16 0.1787109375 0.5581597222222222 0.0419921875 0.0625
16 0.2431640625 0.4756944444444444 0.0439453125 0.06770833333333333
16 0.1796875 0.4756944444444444 0.04296875 0.0625
16 0.181640625 0.3888888888888889 0.0419921875 0.0625
11 0.41015625 0.4470486111111111 0.072265625 0.052083333333333336
4 0.63525390625 0.5546875 0.05078125 0.078125
10 0.24462890625 0.3897569444444444 0.0517578125 0.07118055555555555