1 0.3896484375 0.05295138888888889 0.037109375 0.06076388888888889
0 0.53759765625 0.6493055555555556 0.068359375 0.16145833333333334
12 0.45166015625 0.6788194444444444 0.029296875 0.0920138888888889
11 0.45263671875 0.2717013888888889 0.041015625 0.13368055555555555
11 0.41552734375 0.2821180555555556 0.0439453125 0.13541666666666666
11 0.54345703125 0.4505208333333333 0.0380859375 0.1267361111111111
11 0.50830078125 0.4592013888888889 0.037109375 0.125
11 0.470703125 0.4704861111111111 0.037109375 0.1267361111111111
11 0.43505859375 0.4809027777777778 0.0390625 0.1284722222222222
17 0.44189453125 0.044270833333333336 0.041015625 0.0763888888888889
16 0.58837890625 0.9392361111111112 0.0390625 0.0763888888888889
16 0.5400390625 0.9522569444444444 0.04296875 0.08680555555555555
11 0.4892578125 0.6675347222222222 0.0380859375 0.13368055555555555
4 0.501953125 0.2534722222222222 0.0498046875 0.10069444444444445
10 0.49267578125 0.9565972222222222 0.0478515625 0.08333333333333333