4 0.94 0.6076388888888888 0.07 0.22916666666666666
4 0.944 0.2638888888888889 0.066 0.2361111111111111
5 0.664 0.6319444444444444 0.34 0.2569444444444444
3 0.786 0.24305555555555555 0.194 0.2569444444444444
15 0.555 0.1840277777777778 0.194 0.24305555555555555
16 0.116 0.6666666666666666 0.05 0.18055555555555555
16 0.119 0.3819444444444444 0.052 0.18055555555555555
16 0.124 0.10416666666666667 0.052 0.18055555555555555
0 0.236 0.53125 0.1 0.2638888888888889
11 0.242 0.2638888888888889 0.086 0.14583333333333334
11 0.246 0.08333333333333333 0.09 0.1527777777777778
11 0.385 0.2916666666666667 0.082 0.1388888888888889
11 0.39 0.10069444444444445 0.088 0.1527777777777778