4 0.939 0.3680555555555556 0.072 0.2361111111111111
4 0.929 0.0763888888888889 0.07 0.1527777777777778
5 0.668 0.5381944444444444 0.342 0.3194444444444444
3 0.771 0.12152777777777778 0.198 0.24305555555555555
15 0.54 0.15625 0.198 0.2777777777777778
16 0.128 0.8715277777777778 0.052 0.1875
16 0.119 0.5902777777777778 0.054 0.1875
16 0.111 0.3125 0.054 0.1875
0 0.241 0.6736111111111112 0.104 0.2847222222222222
11 0.235 0.4097222222222222 0.088 0.1597222222222222
11 0.23 0.22569444444444445 0.092 0.16666666666666666
11 0.377 0.3576388888888889 0.084 0.1527777777777778
11 0.373 0.16666666666666666 0.09 0.16666666666666666