11 0.3313802083333333 0.5414273995077933 0.09049479166666667 0.06726825266611977
11 0.3141276041666667 0.4634946677604594 0.09114583333333333 0.06562756357670221
11 0.13216145833333334 0.4364232977850697 0.048828125 0.054963084495488104
11 0.12174479166666667 0.3748974569319114 0.045572916666666664 0.05988515176374077
0 0.14811197916666666 0.5123051681706317 0.057942708333333336 0.08941755537325677
16 0.10774739583333333 0.5418375717801477 0.022135416666666668 0.05004101722723544
16 0.08203125 0.5381460213289582 0.024088541666666668 0.04675963904840033
16 0.09049479166666667 0.4745693191140279 0.024739583333333332 0.052502050861361775
16 0.06608072916666667 0.47662018047579985 0.0234375 0.05906480721903199
16 0.045247395833333336 0.40976210008203445 0.024739583333333332 0.0475799835931091
14 0.5013020833333334 0.31542247744052504 0.3157552083333333 0.1361771944216571
15 0.5257161458333334 0.5520918785890074 0.24739583333333334 0.11812961443806398
1 0.3024088541666667 0.33223954060705496 0.07421875 0.07219031993437244
11 0.236328125 0.5607054963084496 0.059244791666666664 0.054963084495488104
11 0.21907552083333334 0.492616899097621 0.061197916666666664 0.05332239540607055
11 0.2060546875 0.42945036915504514 0.06315104166666667 0.05988515176374077
11 0.193359375 0.3535684987694832 0.061197916666666664 0.06562756357670221
4 0.7884114583333334 0.5057424118129614 0.10286458333333333 0.11977030352748154
4 0.76953125 0.29573420836751435 0.10677083333333333 0.13699753896636588
10 0.07389322916666667 0.40196882690730107 0.029947916666666668 0.06480721903199343