11 0.328125 0.4963084495488105 0.09830729166666667 0.08613617719442165
11 0.32421875 0.4155045118949959 0.09830729166666667 0.0844954881050041
11 0.15071614583333334 0.3412633305988515 0.055338541666666664 0.06480721903199343
11 0.150390625 0.27850697292863 0.052734375 0.06890894175553733
0 0.15397135416666666 0.4200164068908942 0.06901041666666667 0.10008203445447088
16 0.109375 0.4380639868744873 0.028645833333333332 0.05332239540607055
16 0.0849609375 0.42821985233798193 0.029947916666666668 0.05086136177194422
16 0.103515625 0.36792452830188677 0.03125 0.05660377358490566
16 0.07942708333333333 0.3634126333059885 0.03125 0.062346185397867106
16 0.06998697916666667 0.29286300246103364 0.030598958333333332 0.051681706316652996
14 0.5319010416666666 0.3199343724364233 0.3274739583333333 0.2026251025430681
15 0.5166015625 0.5574241181296145 0.2584635416666667 0.16981132075471697
1 0.3343098958333333 0.2838392124692371 0.08268229166666667 0.08695652173913043
11 0.23209635416666666 0.49056603773584906 0.06575520833333333 0.06644790812141099
11 0.22623697916666666 0.4191960623461854 0.06705729166666667 0.06562756357670221
11 0.22395833333333334 0.35397867104183756 0.0703125 0.07219031993437244
11 0.22395833333333334 0.27645611156685806 0.06901041666666667 0.0771123872026251
4 0.78125 0.581214109926169 0.1171875 0.13945857260049221
4 0.7975260416666666 0.3712059064807219 0.123046875 0.15750615258408532
10 0.09928385416666667 0.29245283018867924 0.038411458333333336 0.06972928630024611