11 0.6666666666666666 0.4474979491386382 0.09309895833333333 0.07301066447908121
11 0.6871744791666666 0.5242001640689089 0.09375 0.07219031993437244
11 0.8697916666666666 0.5393765381460214 0.05078125 0.05824446267432322
11 0.8831380208333334 0.6000820344544708 0.048177083333333336 0.06316652994257588
0 0.8509114583333334 0.46472518457752254 0.061197916666666664 0.09269893355209188
16 0.8899739583333334 0.43232157506152585 0.024088541666666668 0.05086136177194422
16 0.9156901041666666 0.43437243642329776 0.026041666666666668 0.0475799835931091
16 0.91015625 0.49835931091058244 0.026692708333333332 0.05332239540607055
16 0.9342447916666666 0.4946677604593929 0.026041666666666668 0.05988515176374077
16 0.9580078125 0.5598851517637408 0.026692708333333332 0.04840032813781788
14 0.5061848958333334 0.684577522559475 0.3203125 0.15668580803937654
15 0.4720052083333333 0.4499589827727646 0.251953125 0.13371616078753076
1 0.7044270833333334 0.6546349466776046 0.07747395833333333 0.0771123872026251
11 0.7607421875 0.4220672682526661 0.061197916666666664 0.05824446267432322
11 0.7809244791666666 0.4889253486464315 0.06315104166666667 0.05660377358490566
11 0.7965494791666666 0.5512715340442986 0.06575520833333333 0.06398687448728466
11 0.8125 0.6259228876127974 0.06380208333333333 0.06890894175553733
4 0.21158854166666666 0.5135356849876949 0.10807291666666667 0.12633305988515175
4 0.2392578125 0.72149302707137 0.11197916666666667 0.1435602953240361
10 0.9296875 0.5697292863002461 0.032552083333333336 0.06644790812141099