0 0.5555 0.5832083958020989 0.077 0.13193403298350825
0 0.5705 0.7646176911544228 0.075 0.13193403298350825
1 0.42 0.22938530734632684 0.046 0.13043478260869565
11 0.4795 0.4062968515742129 0.036 0.10644677661169415
11 0.4385 0.41379310344827586 0.04 0.10944527736131934
11 0.514 0.7728635682158921 0.041 0.11394302848575712
11 0.469 0.7788605697151424 0.039 0.10794602698650675
12 0.441 0.6004497751124438 0.026 0.07496251874062969
17 0.48 0.2151424287856072 0.041 0.1454272863568216
16 0.6065 0.9070464767616192 0.045 0.06746626686656672
16 0.5505 0.9130434782608695 0.045 0.06596701649175413
16 0.5575 0.9850074962518741 0.044 0.020989505247376312
16 0.498 0.9902548725637181 0.044 0.01649175412293853
10 0.487 0.9220389805097451 0.052 0.08845577211394302