0 0.5405 0.6011994002998501 0.077 0.13193403298350825
0 0.5255 0.782608695652174 0.075 0.13193403298350825
1 0.466 0.20839580209895053 0.046 0.13043478260869565
11 0.4955 0.4017991004497751 0.036 0.10644677661169415
11 0.4545 0.39430284857571213 0.04 0.10944527736131934
11 0.4695 0.7698650674662668 0.041 0.11394302848575712
11 0.425 0.7593703148425787 0.039 0.10794602698650675
12 0.4265 0.5764617691154422 0.026 0.07496251874062969
17 0.527 0.2166416791604198 0.041 0.1454272863568216
16 0.5375 0.9332833583208395 0.045 0.06746626686656672
16 0.4825 0.9190404797601199 0.045 0.06596701649175413
16 0.4775 0.9895052473763118 0.045 0.017991004497751123
16 0.4185 0.9790104947526237 0.043 0.0239880059970015
10 0.4195 0.9047976011994003 0.052 0.08845577211394302