0 0.542 0.5997001499250375 0.076 0.13043478260869565
0 0.529 0.7818590704647677 0.074 0.13043478260869565
1 0.4625 0.20914542728635682 0.044 0.12893553223388307
11 0.4945 0.4017991004497751 0.035 0.10644677661169415
11 0.453 0.3950524737631184 0.039 0.10944527736131934
11 0.4725 0.7706146926536732 0.039 0.11394302848575712
11 0.428 0.7616191904047976 0.038 0.10794602698650675
12 0.4275 0.5779610194902549 0.025 0.07496251874062969
17 0.5235 0.2158920539730135 0.04 0.1454272863568216
16 0.5425 0.9325337331334332 0.044 0.06596701649175413
16 0.487 0.9190404797601199 0.045 0.06446776611694154
16 0.4835 0.9902548725637181 0.045 0.01649175412293853
16 0.424 0.9812593703148426 0.043 0.022488755622188907
10 0.424 0.9070464767616192 0.051 0.08845577211394302