0 0.8164763458401305 0.24860335195530725 0.09951060358890701 0.2737430167597765
16 0.9265905383360522 0.06983240223463687 0.05546492659053834 0.13966480446927373
16 0.9371941272430668 0.31564245810055863 0.053833605220228384 0.18435754189944134
16 0.9445350734094616 0.5893854748603352 0.053833605220228384 0.18435754189944134
1 0.40456769983686786 0.88268156424581 0.09951060358890701 0.16201117318435754
15 0.6141924959216966 0.32122905027932963 0.19738988580750408 0.2849162011173184
14 0.633768352365416 0.7625698324022346 0.2398042414355628 0.2849162011173184
11 0.27732463295269166 0.7402234636871509 0.08319738988580751 0.1564245810055866
11 0.28548123980424145 0.9217877094972067 0.08809135399673736 0.1452513966480447
11 0.8254486133768353 0.5027932960893855 0.09135399673735727 0.16201117318435754
11 0.831973898858075 0.6899441340782123 0.08972267536704731 0.16759776536312848
11 0.17210440456769985 0.7849162011173184 0.0864600326264274 0.16201117318435754
11 0.17862969004893964 0.9441340782122905 0.08319738988580751 0.1005586592178771
4 0.05872756933115824 0.6256983240223464 0.06851549755301795 0.24022346368715083
4 0.07177814029363784 0.9134078212290503 0.06851549755301795 0.16201117318435754