0 0.1761827079934747 0.40502793296089384 0.10277324632952692 0.2905027932960894
16 0.05301794453507341 0.48044692737430167 0.057096247960848286 0.18994413407821228
16 0.06769983686786298 0.2122905027932961 0.057096247960848286 0.19553072625698323
16 0.0864600326264274 0.0223463687150838 0.05872756933115824 0.0446927374301676
1 0.6256117455138662 0.23743016759776536 0.10114192495921696 0.18435754189944134
15 0.37520391517128876 0.547486033519553 0.19902120717781402 0.329608938547486
14 0.3972267536704731 0.1424581005586592 0.24306688417618272 0.2849162011173184
11 0.733278955954323 0.5083798882681564 0.08482871125611746 0.17318435754189945
11 0.7438825448613376 0.32122905027932963 0.08809135399673736 0.17318435754189945
11 0.19086460032626426 0.15083798882681565 0.0929853181076672 0.18435754189944134
11 0.20146818923327894 0.0335195530726257 0.0929853181076672 0.0670391061452514
11 0.8368678629690048 0.5754189944134078 0.08809135399673736 0.1787709497206704
11 0.8491027732463295 0.39106145251396646 0.08319738988580751 0.17318435754189945
4 0.9306688417618271 0.8463687150837989 0.0734094616639478 0.2569832402234637
4 0.9486133768352365 0.5223463687150838 0.07177814029363784 0.25139664804469275