11 0.746 0.833 0.013 0.04
11 0.7295 0.8335 0.015 0.033
11 0.745 0.778 0.011 0.036
11 0.728 0.7785 0.012 0.037
11 0.744 0.7195 0.012 0.044
11 0.7275 0.72 0.011 0.043
11 0.7415 0.6575 0.012 0.037
11 0.7255 0.664 0.018 0.037
11 0.7425 0.6015 0.015 0.041
11 0.7255 0.602 0.018 0.042
0 0.704 0.604 0.026 0.044
4 0.7425 0.914 0.02 0.033
4 0.713 0.918 0.019 0.028
16 0.738 0.546 0.02 0.023
16 0.7155 0.544 0.022 0.025
16 0.694 0.5465 0.02 0.021
16 0.7345 0.509 0.018 0.026
16 0.7145 0.509 0.019 0.027
16 0.6915 0.5095 0.022 0.023