11 0.824 0.2425 0.041 0.014
11 0.8255 0.259 0.034 0.016
11 0.769 0.2455 0.036 0.012
11 0.7705 0.2625 0.038 0.013
11 0.7105 0.2485 0.045 0.013
11 0.712 0.265 0.043 0.012
11 0.649 0.2535 0.038 0.013
11 0.656 0.269 0.038 0.019
11 0.593 0.2545 0.042 0.016
11 0.594 0.2715 0.043 0.019
0 0.597 0.2925 0.045 0.027
4 0.905 0.2435 0.034 0.021
4 0.91 0.2725 0.029 0.02
16 0.5375 0.2605 0.024 0.021
16 0.5365 0.2835 0.026 0.023
16 0.54 0.3045 0.022 0.021
16 0.5005 0.265 0.027 0.019
16 0.5015 0.285 0.028 0.02
16 0.503 0.308 0.024 0.023