11 0.805 0.7795 0.02 0.042
11 0.789 0.7835 0.021 0.035
11 0.7935 0.726 0.017 0.037
11 0.777 0.73 0.018 0.038
11 0.781 0.6685 0.02 0.045
11 0.765 0.6725 0.019 0.044
11 0.767 0.6085 0.018 0.038
11 0.7525 0.618 0.024 0.04
11 0.757 0.553 0.022 0.043
11 0.7405 0.557 0.025 0.045
0 0.72 0.563 0.034 0.048
4 0.817 0.86 0.025 0.036
4 0.7885 0.8695 0.024 0.031
16 0.742 0.4995 0.024 0.027
16 0.72 0.5025 0.027 0.029
16 0.699 0.509 0.024 0.025
16 0.732 0.464 0.023 0.029
16 0.7125 0.4675 0.024 0.03
16 0.69 0.473 0.026 0.027