0 0.8775 0.6242236024844721 0.08375 0.19461697722567287
11 0.86125 0.8002070393374742 0.08125 0.11594202898550725
11 0.846875 0.932712215320911 0.08625 0.13043478260869565
11 0.744375 0.7608695652173914 0.09625 0.14285714285714285
11 0.735 0.9109730848861284 0.09375 0.13250517598343686
4 0.088125 0.3333333333333333 0.09625 0.2070393374741201
4 0.06 0.6594202898550725 0.09875 0.2111801242236025
16 0.248125 0.7111801242236024 0.10125 0.20910973084886128
3 0.588125 0.8043478260869565 0.25 0.2401656314699793
5 0.474375 0.39648033126293997 0.44375 0.3498964803312629
16 0.97375 0.6035196687370601 0.05 0.11594202898550725
16 0.9625 0.7536231884057971 0.0475 0.12836438923395446
16 0.9475 0.917184265010352 0.04625 0.12836438923395446
10 0.358125 0.7608695652173914 0.10875 0.23395445134575568
17 0.756875 0.6045548654244306 0.09 0.16149068322981366