0 0.125625 0.35403726708074534 0.0875 0.19875776397515527
11 0.145625 0.17908902691511386 0.0825 0.12008281573498965
11 0.1625 0.056935817805383024 0.0875 0.11387163561076605
11 0.26125 0.2246376811594203 0.09875 0.14699792960662525
11 0.27375 0.07556935817805382 0.095 0.13664596273291926
4 0.908125 0.6904761904761905 0.1 0.2111801242236025
4 0.943125 0.36645962732919257 0.1025 0.2153209109730849
16 0.75625 0.3033126293995859 0.105 0.2111801242236025
3 0.41875 0.1915113871635611 0.2525 0.2525879917184265
5 0.523125 0.6045548654244306 0.44625 0.37267080745341613
16 0.02875 0.3695652173913043 0.05125 0.11801242236024845
16 0.043125 0.2204968944099379 0.05 0.12836438923395446
16 0.0625 0.061076604554865424 0.05 0.12215320910973085
10 0.6475 0.2484472049689441 0.1125 0.23809523809523808
17 0.245 0.38095238095238093 0.0925 0.16563146997929606