16 0.17875 0.691875 0.055 0.0575
16 0.16375 0.624375 0.05875 0.06
16 0.1475 0.561875 0.05125 0.0575
16 0.10625 0.7075 0.05875 0.06
16 0.09 0.64375 0.05875 0.05875
16 0.075 0.58 0.05625 0.05875
0 0.3 0.631875 0.1075 0.09
1 0.565625 0.435625 0.09 0.06375
11 0.904375 0.4025 0.09125 0.065
11 0.89125 0.35375 0.09 0.0625
11 0.593125 0.539375 0.08875 0.05875
11 0.576875 0.48625 0.085 0.05375
11 0.604375 0.58625 0.085 0.055
11 0.46125 0.62 0.08875 0.055
11 0.450625 0.57 0.0925 0.06
11 0.280625 0.56125 0.0825 0.05
11 0.27 0.511875 0.08875 0.05375
4 0.924375 0.47125 0.07 0.07
10 0.7375 0.3975 0.07125 0.07875
6 0.43625 0.523125 0.10375 0.05875
6 0.4225 0.47 0.1075 0.06375