16 0.1525 0.639375 0.04875 0.05125
16 0.14875 0.57 0.05125 0.05375
16 0.1425 0.50625 0.045 0.0525
16 0.078125 0.64375 0.05125 0.05375
16 0.0725 0.5775 0.0525 0.0525
16 0.0675 0.5125 0.05 0.0525
0 0.281875 0.59875 0.1 0.0775
1 0.575 0.44625 0.085 0.0525
11 0.915 0.466875 0.08625 0.05375
11 0.909375 0.41625 0.085 0.05125
11 0.585625 0.553125 0.085 0.0475
11 0.578125 0.49875 0.08125 0.0425
11 0.59 0.60125 0.08125 0.04375
11 0.4425 0.6125 0.085 0.04375
11 0.44 0.56125 0.08875 0.0475
11 0.27375 0.52625 0.08 0.03875
11 0.270625 0.475625 0.085 0.0425
4 0.92375 0.538125 0.0625 0.0625
10 0.750625 0.43625 0.0625 0.07125
6 0.433125 0.5125 0.1 0.045
6 0.428125 0.458125 0.10375 0.04875