16 0.85625 0.385 0.04625 0.04875
16 0.855625 0.454375 0.04875 0.05125
16 0.8575 0.51875 0.0425 0.05
16 0.930625 0.38625 0.04875 0.05125
16 0.931875 0.4525 0.05 0.05
16 0.9325 0.5175 0.0475 0.05
0 0.724375 0.416875 0.095 0.07125
1 0.42125 0.548125 0.0825 0.04625
11 0.08375 0.504375 0.08375 0.0475
11 0.085625 0.555 0.0825 0.045
11 0.418125 0.440625 0.0825 0.04125
11 0.421875 0.495625 0.07875 0.0375
11 0.4175 0.3925 0.08 0.03875
11 0.565 0.391875 0.0825 0.0375
11 0.56375 0.443125 0.08625 0.04125
11 0.7275 0.49 0.0775 0.03375
11 0.726875 0.540625 0.0825 0.03625
4 0.08 0.4325 0.05875 0.05875
10 0.245625 0.54625 0.05875 0.0675
6 0.5675 0.491875 0.0975 0.0375
6 0.56875 0.546875 0.1025 0.04125