4 0.51 0.96 0.03333333333333333 0.03
4 0.5394444444444444 0.9533333333333334 0.025555555555555557 0.02666666666666667
11 0.56 0.8794444444444445 0.03111111111111111 0.04
11 0.575 0.8777777777777778 0.027777777777777776 0.04111111111111111
11 0.5938888888888889 0.8038888888888889 0.034444444444444444 0.04111111111111111
11 0.6072222222222222 0.8022222222222222 0.02666666666666667 0.042222222222222223
11 0.6255555555555555 0.7255555555555555 0.034444444444444444 0.042222222222222223
11 0.6394444444444445 0.7238888888888889 0.03 0.042222222222222223
16 0.6677777777777778 0.5655555555555556 0.03111111111111111 0.03
16 0.6894444444444444 0.5633333333333334 0.02666666666666667 0.02666666666666667
16 0.7094444444444444 0.5638888888888889 0.021111111111111112 0.025555555555555557
6 0.67 0.6411111111111111 0.04777777777777778 0.05