4 0.4338888888888889 0.044444444444444446 0.03666666666666667 0.03333333333333333
4 0.4061111111111111 0.055 0.027777777777777776 0.028888888888888888
11 0.39444444444444443 0.13111111111111112 0.035555555555555556 0.043333333333333335
11 0.3794444444444444 0.13444444444444445 0.03222222222222222 0.043333333333333335
11 0.36944444444444446 0.20944444444444443 0.03888888888888889 0.044444444444444446
11 0.3566666666666667 0.21333333333333335 0.03222222222222222 0.044444444444444446
11 0.3477777777777778 0.2911111111111111 0.03888888888888889 0.04555555555555556
11 0.3338888888888889 0.29444444444444445 0.034444444444444444 0.04555555555555556
16 0.32555555555555554 0.45555555555555555 0.034444444444444444 0.03333333333333333
16 0.3038888888888889 0.46 0.028888888888888888 0.028888888888888888
16 0.28444444444444444 0.4622222222222222 0.023333333333333334 0.027777777777777776
6 0.3138888888888889 0.38055555555555554 0.052222222222222225 0.05555555555555555