4 0.5261111111111111 0.9594444444444444 0.034444444444444444 0.03111111111111111
4 0.555 0.9516666666666667 0.02666666666666667 0.02666666666666667
11 0.5733333333333334 0.8766666666666667 0.03222222222222222 0.04111111111111111
11 0.5877777777777777 0.875 0.028888888888888888 0.042222222222222223
11 0.6044444444444445 0.8005555555555556 0.035555555555555556 0.042222222222222223
11 0.6177777777777778 0.7983333333333333 0.028888888888888888 0.043333333333333335
11 0.6333333333333333 0.7211111111111111 0.03666666666666667 0.043333333333333335
11 0.6472222222222223 0.7188888888888889 0.03222222222222222 0.043333333333333335
16 0.67 0.5594444444444444 0.03222222222222222 0.03111111111111111
16 0.6916666666666667 0.5566666666666666 0.027777777777777776 0.027777777777777776
16 0.7116666666666667 0.5566666666666666 0.021111111111111112 0.025555555555555557
6 0.675 0.6355555555555555 0.04888888888888889 0.052222222222222225