16 0.185 0.9321428571428572 0.05 0.12142857142857143
16 0.117 0.9642857142857143 0.054 0.05714285714285714
16 0.174 0.7392857142857143 0.054 0.19285714285714287
16 0.104 0.7928571428571428 0.05 0.18571428571428572
16 0.161 0.5178571428571429 0.052 0.18571428571428572
16 0.092 0.5642857142857143 0.05 0.18571428571428572
4 0.915 0.2785714285714286 0.068 0.24285714285714285
4 0.897 0.04642857142857143 0.07 0.09285714285714286
15 0.751 0.38571428571428573 0.19 0.32142857142857145
0 0.277 0.7964285714285714 0.102 0.3
1 0.559 0.15 0.094 0.17857142857142858
11 0.405 0.8535714285714285 0.084 0.17857142857142858
11 0.395 0.6821428571428572 0.084 0.19285714285714287
11 0.264 0.5678571428571428 0.084 0.17857142857142858
11 0.253 0.3964285714285714 0.08 0.17857142857142858
13 0.732 0.10357142857142858 0.156 0.20714285714285716
10 0.467 0.2714285714285714 0.054 0.17142857142857143
6 0.373 0.3107142857142857 0.1 0.19285714285714287
8 0.385 0.49642857142857144 0.078 0.19285714285714287