16 0.842 0.5107142857142857 0.048 0.17857142857142858
16 0.911 0.5535714285714286 0.05 0.17142857142857143
16 0.827 0.7357142857142858 0.054 0.19285714285714287
16 0.896 0.7821428571428571 0.05 0.18571428571428572
16 0.815 0.9285714285714286 0.054 0.12857142857142856
16 0.884 0.9535714285714286 0.052 0.07857142857142857
4 0.094 0.125 0.068 0.24285714285714285
4 0.077 0.43214285714285716 0.068 0.22857142857142856
15 0.257 0.25357142857142856 0.19 0.30714285714285716
0 0.737 0.5357142857142857 0.1 0.29285714285714287
1 0.407 0.7428571428571429 0.094 0.17142857142857143
11 0.627 0.30714285714285716 0.084 0.17142857142857143
11 0.616 0.4785714285714286 0.084 0.18571428571428572
11 0.725 0.7678571428571429 0.084 0.17142857142857143
11 0.717 0.9214285714285714 0.082 0.14285714285714285
13 0.239 0.5892857142857143 0.154 0.2785714285714286
10 0.505 0.7535714285714286 0.052 0.17142857142857143
6 0.596 0.85 0.1 0.19285714285714287
8 0.605 0.6642857142857143 0.078 0.19285714285714287