16 0.174 0.8642857142857143 0.046 0.17142857142857143
16 0.105 0.9035714285714286 0.048 0.16428571428571428
16 0.169 0.6392857142857142 0.052 0.18571428571428572
16 0.099 0.6678571428571428 0.048 0.17142857142857143
16 0.161 0.4107142857142857 0.05 0.17857142857142858
16 0.092 0.4392857142857143 0.048 0.17142857142857143
4 0.919 0.4107142857142857 0.064 0.22857142857142856
4 0.909 0.10357142857142858 0.066 0.20714285714285716
15 0.753 0.4642857142857143 0.188 0.2642857142857143
0 0.271 0.725 0.098 0.2714285714285714
1 0.567 0.16785714285714284 0.094 0.15
11 0.396 0.8214285714285714 0.082 0.15714285714285714
11 0.391 0.65 0.082 0.17142857142857143
11 0.263 0.4928571428571429 0.082 0.15714285714285714
11 0.256 0.31785714285714284 0.078 0.15714285714285714
13 0.741 0.12857142857142856 0.152 0.25
10 0.473 0.2642857142857143 0.05 0.16428571428571428
6 0.378 0.2714285714285714 0.098 0.17142857142857143
8 0.386 0.4607142857142857 0.076 0.17142857142857143