4 0.9829166666666667 0.5903361344537815 0.020833333333333332 0.04481792717086835
4 0.9754166666666667 0.538515406162465 0.02 0.04341736694677871
15 0.9395833333333333 0.49089635854341734 0.06416666666666666 0.08403361344537816
1 0.8854166666666666 0.4495798319327731 0.0325 0.05182072829131653
11 0.8533333333333334 0.4572829131652661 0.0275 0.04481792717086835
11 0.8495833333333334 0.42436974789915966 0.0275 0.047619047619047616
11 0.8258333333333333 0.4572829131652661 0.028333333333333332 0.05042016806722689
11 0.8216666666666667 0.42296918767507 0.025833333333333333 0.04481792717086835
11 0.8191666666666667 0.3942577030812325 0.03166666666666667 0.04481792717086835
11 0.7833333333333333 0.39775910364145656 0.0275 0.046218487394957986
11 0.7804166666666666 0.3634453781512605 0.025 0.0392156862745098
0 0.7895833333333333 0.438375350140056 0.035833333333333335 0.07703081232492998
16 0.75875 0.4257703081232493 0.0225 0.04061624649859944
16 0.7345833333333334 0.4068627450980392 0.025 0.04201680672268908
16 0.73 0.36554621848739494 0.024166666666666666 0.04341736694677871
16 0.7266666666666667 0.32492997198879553 0.024166666666666666 0.04061624649859944
16 0.7541666666666667 0.3865546218487395 0.023333333333333334 0.04061624649859944
16 0.7504166666666666 0.3431372549019608 0.024166666666666666 0.04201680672268908