4 0.03375 0.2696078431372549 0.018333333333333333 0.04061624649859944
4 0.035833333333333335 0.3235294117647059 0.016666666666666666 0.0392156862745098
15 0.06625 0.38095238095238093 0.059166666666666666 0.07142857142857142
1 0.115 0.4369747899159664 0.029166666666666667 0.046218487394957986
11 0.1475 0.43907563025210083 0.024166666666666666 0.04061624649859944
11 0.14791666666666667 0.47198879551820727 0.025 0.04341736694677871
11 0.17458333333333334 0.44677871148459386 0.025 0.046218487394957986
11 0.175 0.48179271708683474 0.0225 0.0392156862745098
11 0.175 0.5105042016806722 0.028333333333333332 0.0392156862745098
11 0.21 0.5182072829131653 0.025 0.04201680672268908
11 0.21 0.5525210084033614 0.0225 0.03361344537815126
0 0.20833333333333334 0.47619047619047616 0.030833333333333334 0.07142857142857142
16 0.2375 0.49789915966386555 0.019166666666666665 0.036414565826330535
16 0.25916666666666666 0.523109243697479 0.021666666666666667 0.036414565826330535
16 0.25958333333333333 0.5651260504201681 0.020833333333333332 0.037815126050420166
16 0.25875 0.6064425770308123 0.020833333333333332 0.0350140056022409
16 0.23791666666666667 0.5378151260504201 0.02 0.036414565826330535
16 0.23708333333333334 0.5812324929971989 0.020833333333333332 0.036414565826330535