16 0.08615384615384615 0.6848802395209581 0.052307692307692305 0.09880239520958084
16 0.08538461538461538 0.5254491017964071 0.047692307692307694 0.09730538922155689
16 0.08807692307692308 0.36676646706586824 0.05 0.09580838323353294
3 0.7488461538461538 0.36601796407185627 0.1946153846153846 0.12425149700598802
0 0.19923076923076924 0.6010479041916168 0.10923076923076923 0.1437125748502994
11 0.1996153846153846 0.4498502994011976 0.0876923076923077 0.08083832335329341
11 0.2023076923076923 0.33907185628742514 0.08692307692307692 0.07784431137724551
11 0.33807692307692305 0.4491017964071856 0.08692307692307692 0.06736526946107785
11 0.33807692307692305 0.33607784431137727 0.08307692307692308 0.07335329341317365
4 0.9011538461538462 0.5561377245508982 0.055384615384615386 0.10479041916167664
4 0.8984615384615384 0.3630239520958084 0.05307692307692308 0.09880239520958084
15 0.5107692307692308 0.36601796407185627 0.1946153846153846 0.12275449101796407
5 0.6296153846153846 0.6017964071856288 0.34384615384615386 0.12425149700598802