16 0.8938461538461538 0.19161676646706588 0.05923076923076923 0.11377245508982035
16 0.9073076923076923 0.34880239520958084 0.054615384615384614 0.11077844311377245
16 0.9176923076923077 0.5059880239520959 0.05692307692307692 0.1092814371257485
3 0.265 0.7080838323353293 0.2023076923076923 0.18263473053892215
0 0.7888461538461539 0.3083832335329341 0.11923076923076924 0.1751497005988024
11 0.8007692307692308 0.45808383233532934 0.09307692307692307 0.1062874251497006
11 0.806923076923077 0.5681137724550899 0.09230769230769231 0.10329341317365269
11 0.6638461538461539 0.500748502994012 0.09153846153846154 0.09281437125748503
11 0.6730769230769231 0.6122754491017964 0.0876923076923077 0.09730538922155689
4 0.09923076923076923 0.5666167664670658 0.06307692307692307 0.11976047904191617
4 0.11730769230769231 0.7567365269461078 0.06 0.11377245508982035
15 0.5 0.6354790419161677 0.2023076923076923 0.18113772455089822
5 0.3638461538461538 0.43862275449101795 0.34923076923076923 0.2275449101796407