16 0.5479591836734694 0.8435314685314685 0.024489795918367346 0.038461538461538464
16 0.5607142857142857 0.7980769230769231 0.022448979591836733 0.03671328671328671
16 0.5709183673469388 0.8479020979020979 0.024489795918367346 0.03671328671328671
16 0.5846938775510204 0.8006993006993007 0.022448979591836733 0.038461538461538464
16 0.5943877551020408 0.8479020979020979 0.022448979591836733 0.03671328671328671
16 0.6086734693877551 0.8041958041958042 0.022448979591836733 0.04020979020979021
0 0.5326530612244897 0.9134615384615384 0.04081632653061224 0.06993006993006994
11 0.5571428571428572 0.9152097902097902 0.026530612244897958 0.057692307692307696
11 0.5755102040816327 0.9187062937062938 0.02857142857142857 0.05944055944055944
11 0.5341836734693878 0.9825174825174825 0.025510204081632654 0.03146853146853147
11 0.5530612244897959 0.9825174825174825 0.026530612244897958 0.03146853146853147
8 0.5153061224489796 0.9807692307692307 0.02857142857142857 0.03496503496503497