16 0.4051020408163265 0.1861888111888112 0.024489795918367346 0.038461538461538464
16 0.3989795918367347 0.23601398601398602 0.022448979591836733 0.03671328671328671
16 0.3821428571428571 0.19143356643356643 0.024489795918367346 0.03671328671328671
16 0.375 0.24388111888111888 0.022448979591836733 0.038461538461538464
16 0.35918367346938773 0.20192307692307693 0.022448979591836733 0.03671328671328671
16 0.35153061224489796 0.25 0.022448979591836733 0.04020979020979021
0 0.41020408163265304 0.11188811188811189 0.04081632653061224 0.06993006993006994
11 0.38571428571428573 0.12062937062937062 0.026530612244897958 0.057692307692307696
11 0.3678571428571429 0.125 0.02857142857142857 0.05944055944055944
11 0.39846938775510204 0.039335664335664336 0.024489795918367346 0.0472027972027972
11 0.38010204081632654 0.045454545454545456 0.025510204081632654 0.050699300699300696
8 0.41836734693877553 0.03409090909090909 0.027551020408163266 0.045454545454545456