16 0.5683673469387756 0.833041958041958 0.022448979591836733 0.033216783216783216
16 0.5785714285714286 0.7858391608391608 0.02040816326530612 0.033216783216783216
16 0.5913265306122449 0.833041958041958 0.022448979591836733 0.03146853146853147
16 0.6025510204081632 0.7840909090909091 0.02040816326530612 0.03496503496503497
16 0.6147959183673469 0.8286713286713286 0.02040816326530612 0.033216783216783216
16 0.6265306122448979 0.7823426573426573 0.02040816326530612 0.03671328671328671
0 0.5576530612244898 0.9055944055944056 0.03775510204081633 0.06468531468531469
11 0.5821428571428572 0.902972027972028 0.02346938775510204 0.05419580419580419
11 0.6005102040816327 0.902972027972028 0.025510204081632654 0.05419580419580419
11 0.5642857142857143 0.9790209790209791 0.022448979591836733 0.038461538461538464
11 0.5831632653061225 0.9772727272727273 0.02346938775510204 0.04195804195804196
8 0.5443877551020408 0.9798951048951049 0.025510204081632654 0.03671328671328671