16 0.5381818181818182 0.024355300859598854 0.06545454545454546 0.04871060171919771
16 0.6036363636363636 0.01862464183381089 0.06545454545454546 0.03724928366762178
16 0.6663636363636364 0.015759312320916905 0.06727272727272728 0.03151862464183381
0 0.5627272727272727 0.17048710601719197 0.09636363636363636 0.17478510028653296
11 0.5263636363636364 0.39255014326647564 0.06363636363636363 0.14326647564469913
11 0.5745454545454546 0.37965616045845274 0.05818181818181818 0.14040114613180515
11 0.6281818181818182 0.15472779369627507 0.06 0.14613180515759314
11 0.6772727272727272 0.14469914040114612 0.06363636363636363 0.14613180515759314
15 0.5836363636363636 0.8982808022922636 0.08545454545454545 0.18051575931232092
1 0.6754545454545454 0.664756446991404 0.06363636363636363 0.1518624641833811
13 0.6690909090909091 0.8853868194842407 0.09272727272727273 0.16332378223495703
8 0.6254545454545455 0.3667621776504298 0.06 0.12320916905444126
6 0.6772727272727272 0.3538681948424069 0.06545454545454546 0.16045845272206305
10 0.6681818181818182 0.5071633237822349 0.05090909090909091 0.09169054441260745