16 0.5154545454545455 0.024355300859598854 0.06727272727272728 0.04871060171919771
16 0.5809090909090909 0.014326647564469915 0.06727272727272728 0.02865329512893983
0 0.5481818181818182 0.16475644699140402 0.10181818181818182 0.18051575931232092
11 0.5218181818181818 0.38968481375358166 0.06727272727272728 0.14613180515759314
11 0.5681818181818182 0.37106017191977075 0.06363636363636363 0.14326647564469913
11 0.6127272727272727 0.14183381088825214 0.06545454545454546 0.1489971346704871
11 0.6609090909090909 0.12607449856733524 0.06909090909090909 0.1489971346704871
15 0.600909090909091 0.8882521489971347 0.09272727272727273 0.1833810888252149
1 0.6827272727272727 0.6461318051575932 0.06909090909090909 0.15472779369627507
13 0.6863636363636364 0.8653295128939829 0.09818181818181818 0.16905444126074498
8 0.6190909090909091 0.3524355300859599 0.06545454545454546 0.12607449856733524
6 0.6709090909090909 0.333810888252149 0.07090909090909091 0.16332378223495703
10 0.6681818181818182 0.4885386819484241 0.05454545454545454 0.09455587392550144