16 0.48 0.9756446991404012 0.06545454545454546 0.04297994269340974
16 0.41545454545454547 0.9828080229226361 0.06727272727272728 0.02865329512893983
0 0.4481818181818182 0.833810888252149 0.1 0.18051575931232092
11 0.4772727272727273 0.6103151862464183 0.06727272727272728 0.14613180515759314
11 0.43 0.6275071633237822 0.06181818181818182 0.14040114613180515
11 0.3836363636363636 0.8553008595988538 0.06363636363636363 0.14613180515759314
11 0.33454545454545453 0.8681948424068768 0.06727272727272728 0.1489971346704871
15 0.40545454545454546 0.10744985673352435 0.09090909090909091 0.18911174785100288
1 0.3190909090909091 0.3495702005730659 0.06727272727272728 0.15472779369627507
13 0.3190909090909091 0.12750716332378223 0.09636363636363636 0.16905444126074498
8 0.3790909090909091 0.6432664756446992 0.06363636363636363 0.12607449856733524
6 0.32727272727272727 0.66189111747851 0.06909090909090909 0.16332378223495703
10 0.33181818181818185 0.5071633237822349 0.05454545454545454 0.09455587392550144