15 0.6022364217252396 0.6079136690647482 0.1900958466453674 0.1486810551558753
0 0.8218849840255591 0.33573141486810554 0.09105431309904154 0.1366906474820144
11 0.7196485623003195 0.4844124700239808 0.07348242811501597 0.07913669064748201
11 0.8258785942492013 0.42805755395683454 0.06869009584664537 0.07673860911270983
11 0.8298722044728435 0.5023980815347722 0.06869009584664537 0.07434052757793765
11 0.7268370607028753 0.5599520383693045 0.06869009584664537 0.07194244604316546
4 0.21485623003194887 0.6426858513189448 0.07507987220447285 0.11750599520383694
4 0.2340255591054313 0.7925659472422062 0.07188498402555911 0.11270983213429256
5 0.48562300319488816 0.4832134292565947 0.33706070287539935 0.2182254196642686
3 0.40175718849840253 0.709832134292566 0.20926517571884984 0.17026378896882494
16 0.9233226837060703 0.3393285371702638 0.052715654952076675 0.07913669064748201
16 0.9249201277955271 0.4292565947242206 0.051118210862619806 0.07434052757793765
16 0.9169329073482428 0.2446043165467626 0.05591054313099041 0.08393285371702638