15 0.39696485623003197 0.39448441247002397 0.19169329073482427 0.15347721822541965
0 0.1805111821086262 0.6726618705035972 0.0926517571884984 0.1366906474820144
11 0.2803514376996805 0.5215827338129496 0.07507987220447285 0.07913669064748201
11 0.1757188498402556 0.580335731414868 0.07028753993610223 0.07913669064748201
11 0.17012779552715654 0.5071942446043165 0.07028753993610223 0.07673860911270983
11 0.2723642172523962 0.4460431654676259 0.06869009584664537 0.07434052757793765
4 0.7835463258785943 0.3501199040767386 0.07507987220447285 0.11990407673860912
4 0.762779552715655 0.20023980815347722 0.07348242811501597 0.11510791366906475
5 0.5143769968051118 0.5155875299760192 0.33706070287539935 0.22541966426858512
3 0.5958466453674122 0.28776978417266186 0.2108626198083067 0.1750599520383693
16 0.07907348242811502 0.6714628297362111 0.052715654952076675 0.07913669064748201
16 0.07587859424920128 0.5815347721822542 0.052715654952076675 0.07434052757793765
16 0.08546325878594249 0.7661870503597122 0.05591054313099041 0.08393285371702638