15 0.39217252396166136 0.4052757793764988 0.19488817891373802 0.17026378896882494
0 0.18929712460063897 0.7062350119904077 0.09744408945686901 0.14388489208633093
11 0.2819488817891374 0.5443645083932853 0.07667731629392971 0.08633093525179857
11 0.17971246006389777 0.6151079136690647 0.07188498402555911 0.08393285371702638
11 0.17092651757188498 0.5419664268585132 0.07188498402555911 0.0815347721822542
11 0.2707667731629393 0.47002398081534774 0.07188498402555911 0.07913669064748201
4 0.7755591054313099 0.3213429256594724 0.07987220447284345 0.12470023980815348
4 0.7484025559105432 0.17386091127098321 0.07667731629392971 0.11990407673860912
5 0.5151757188498403 0.5143884892086331 0.3402555910543131 0.2565947242206235
3 0.5854632587859425 0.27817745803357313 0.21405750798722045 0.19424460431654678
16 0.0878594249201278 0.7158273381294964 0.05591054313099041 0.08393285371702638
16 0.08067092651757188 0.6258992805755396 0.054313099041533544 0.07913669064748201
16 0.09904153354632587 0.8093525179856115 0.05910543130990415 0.08872901678657075