11 0.5441176470588235 0.8824786324786325 0.05411764705882353 0.14743589743589744
11 0.5835294117647059 0.6431623931623932 0.05058823529411765 0.14102564102564102
11 0.6270588235294118 0.6591880341880342 0.05058823529411765 0.14316239316239315
11 0.6158823529411764 0.4561965811965812 0.047058823529411764 0.1346153846153846
11 0.6576470588235294 0.47115384615384615 0.04823529411764706 0.1346153846153846
11 0.6870588235294117 0.28525641025641024 0.04470588235294118 0.13247863247863248
11 0.6458823529411765 0.266025641025641 0.047058823529411764 0.13675213675213677
16 0.5988235294117648 0.06944444444444445 0.04941176470588235 0.08974358974358974
16 0.6511764705882352 0.09188034188034189 0.04941176470588235 0.08974358974358974
16 0.7023529411764706 0.11538461538461539 0.04941176470588235 0.08974358974358974
0 0.591764705882353 0.24465811965811965 0.0811764705882353 0.17307692307692307
0 0.5329411764705883 0.6217948717948718 0.07882352941176471 0.16666666666666666
12 0.5888235294117647 0.9027777777777778 0.03176470588235294 0.10042735042735043