1 0.8629411764705882 0.26495726495726496 0.08705882352941176 0.09615384615384616
11 0.6723529411764706 0.26495726495726496 0.0811764705882353 0.10042735042735043
11 0.5358823529411765 0.30235042735042733 0.07764705882352942 0.09401709401709402
11 0.5258823529411765 0.2232905982905983 0.07882352941176471 0.09401709401709402
11 0.4294117647058823 0.327991452991453 0.07411764705882352 0.0876068376068376
11 0.4188235294117647 0.25213675213675213 0.07411764705882352 0.08974358974358974
11 0.3135294117647059 0.2831196581196581 0.07411764705882352 0.08333333333333333
11 0.32176470588235295 0.358974358974359 0.07529411764705882 0.0876068376068376
16 0.24352941176470588 0.5192307692307693 0.04941176470588235 0.09188034188034189
16 0.17823529411764705 0.5373931623931624 0.04823529411764706 0.08974358974358974
16 0.2323529411764706 0.4230769230769231 0.04941176470588235 0.09188034188034189
16 0.2223529411764706 0.32905982905982906 0.05058823529411765 0.08974358974358974
16 0.16823529411764707 0.44017094017094016 0.05058823529411765 0.09188034188034189
16 0.15764705882352942 0.3450854700854701 0.04823529411764706 0.09401709401709402
0 0.3341176470588235 0.4561965811965812 0.09647058823529411 0.14957264957264957
0 0.5470588235294118 0.3942307692307692 0.09176470588235294 0.1452991452991453
12 0.6635294117647059 0.18376068376068377 0.05529411764705883 0.057692307692307696
17 0.8441176470588235 0.14316239316239315 0.0988235294117647 0.1047008547008547
10 0.8788235294117647 0.37606837606837606 0.058823529411764705 0.09401709401709402