1 0.13058823529411764 0.7008547008547008 0.08588235294117647 0.08974358974358974
11 0.3211764705882353 0.717948717948718 0.08 0.09401709401709402
11 0.4588235294117647 0.6944444444444444 0.07647058823529412 0.0876068376068376
11 0.46647058823529414 0.7735042735042735 0.07764705882352942 0.0876068376068376
11 0.5658823529411765 0.6784188034188035 0.07294117647058823 0.08333333333333333
11 0.5735294117647058 0.7553418803418803 0.07294117647058823 0.08547008547008547
11 0.68 0.7339743589743589 0.07294117647058823 0.07905982905982906
11 0.6741176470588235 0.6581196581196581 0.07411764705882352 0.0811965811965812
16 0.7570588235294118 0.5053418803418803 0.04823529411764706 0.08974358974358974
16 0.8223529411764706 0.4935897435897436 0.047058823529411764 0.08547008547008547
16 0.7647058823529411 0.6014957264957265 0.04823529411764706 0.08974358974358974
16 0.7723529411764706 0.6965811965811965 0.04941176470588235 0.0876068376068376
16 0.8294117647058824 0.5908119658119658 0.04941176470588235 0.08974358974358974
16 0.8376470588235294 0.686965811965812 0.047058823529411764 0.08974358974358974
0 0.6647058823529411 0.5587606837606838 0.09294117647058824 0.14102564102564102
0 0.45 0.6014957264957265 0.08941176470588236 0.1388888888888889
12 0.3276470588235294 0.8002136752136753 0.05411764705882353 0.053418803418803416
17 0.14588235294117646 0.8237179487179487 0.0976470588235294 0.09615384615384616
10 0.11764705882352941 0.5876068376068376 0.05647058823529412 0.08974358974358974