0 0.6505102040816326 0.7040816326530612 0.05612244897959184 0.06575963718820861
11 0.6445578231292517 0.7585034013605442 0.05272108843537415 0.04081632653061224
11 0.6420068027210885 0.7993197278911565 0.05102040816326531 0.036281179138321996
11 0.5756802721088435 0.7471655328798186 0.04931972789115646 0.03854875283446712
11 0.5731292517006803 0.7891156462585034 0.04931972789115646 0.03854875283446712
14 0.4710884353741497 0.7675736961451247 0.13435374149659865 0.06802721088435375
15 0.4770408163265306 0.6893424036281179 0.10884353741496598 0.06575963718820861
16 0.36394557823129253 0.746031746031746 0.04251700680272109 0.05442176870748299
16 0.7585034013605442 0.6972789115646258 0.034013605442176874 0.045351473922902494
16 0.7542517006802721 0.7517006802721088 0.03231292517006803 0.04308390022675737
16 0.7482993197278912 0.8049886621315193 0.03231292517006803 0.04081632653061224
16 0.7193877551020408 0.6927437641723356 0.030612244897959183 0.04081632653061224
16 0.7159863945578231 0.746031746031746 0.03231292517006803 0.04308390022675737
16 0.7100340136054422 0.7981859410430839 0.034013605442176874 0.045351473922902494