0 0.6479591836734694 0.7074829931972789 0.05612244897959184 0.06802721088435375
11 0.641156462585034 0.7619047619047619 0.05442176870748299 0.04081632653061224
11 0.6377551020408163 0.8027210884353742 0.05272108843537415 0.03854875283446712
11 0.5722789115646258 0.7494331065759637 0.05102040816326531 0.04081632653061224
11 0.5688775510204082 0.7913832199546486 0.05102040816326531 0.04081632653061224
14 0.467687074829932 0.7664399092970522 0.13435374149659865 0.07256235827664399
15 0.47534013605442177 0.6893424036281179 0.10884353741496598 0.06802721088435375
16 0.36139455782312924 0.7426303854875284 0.04421768707482993 0.05442176870748299
16 0.7559523809523809 0.7040816326530612 0.034013605442176874 0.045351473922902494
16 0.7508503401360545 0.7573696145124716 0.03231292517006803 0.04308390022675737
16 0.7448979591836735 0.8106575963718821 0.03231292517006803 0.04081632653061224
16 0.7168367346938775 0.6972789115646258 0.030612244897959183 0.04081632653061224
16 0.7125850340136054 0.7505668934240363 0.03231292517006803 0.04308390022675737
16 0.70578231292517 0.8027210884353742 0.034013605442176874 0.045351473922902494