0 0.3818027210884354 0.7392290249433107 0.04931972789115646 0.07256235827664399
11 0.3401360544217687 0.7426303854875284 0.02891156462585034 0.07029478458049887
11 0.30952380952380953 0.7471655328798186 0.025510204081632654 0.06802721088435375
11 0.33418367346938777 0.6507936507936508 0.027210884353741496 0.06575963718820861
11 0.30272108843537415 0.655328798185941 0.027210884353741496 0.06575963718820861
14 0.2976190476190476 0.518140589569161 0.047619047619047616 0.17913832199546487
15 0.3562925170068027 0.5102040816326531 0.04591836734693878 0.14512471655328799
16 0.29081632653061223 0.3741496598639456 0.0391156462585034 0.05668934240362812
16 0.40901360544217685 0.8786848072562359 0.034013605442176874 0.045351473922902494
16 0.3681972789115646 0.8843537414965986 0.030612244897959183 0.04081632653061224
16 0.3282312925170068 0.8877551020408163 0.02891156462585034 0.04081632653061224
16 0.40476190476190477 0.826530612244898 0.02891156462585034 0.03854875283446712
16 0.3647959183673469 0.8321995464852607 0.030612244897959183 0.04081632653061224
16 0.32482993197278914 0.8356009070294784 0.034013605442176874 0.045351473922902494