0 0.41346153846153844 0.8672055427251733 0.10946745562130178 0.14087759815242495
11 0.8165680473372781 0.628175519630485 0.08579881656804733 0.08083140877598152
11 0.8069526627218935 0.5450346420323325 0.08284023668639054 0.07852193995381063
11 0.7041420118343196 0.8325635103926097 0.08727810650887574 0.08083140877598152
11 0.5702662721893491 0.871824480369515 0.08431952662721894 0.07852193995381063
11 0.6937869822485208 0.7517321016166282 0.08727810650887574 0.08083140877598152
11 0.6834319526627219 0.6651270207852193 0.08579881656804733 0.08083140877598152
11 0.6723372781065089 0.5854503464203233 0.08727810650887574 0.07852193995381063
11 0.5599112426035503 0.789838337182448 0.08431952662721894 0.07390300230946882
11 0.5502958579881657 0.707852193995381 0.08579881656804733 0.08083140877598152
11 0.3979289940828402 0.7505773672055427 0.08727810650887574 0.08545034642032333
11 0.5399408284023669 0.6293302540415704 0.08579881656804733 0.07852193995381063
11 0.38979289940828404 0.6732101616628176 0.08431952662721894 0.08083140877598152
16 0.21671597633136094 0.9722863741339491 0.03698224852071006 0.050808314087759814
16 0.14275147928994084 0.9826789838337182 0.03698224852071006 0.03002309468822171
16 0.20340236686390534 0.8672055427251733 0.03698224852071006 0.057736720554272515
16 0.1294378698224852 0.8903002309468823 0.03698224852071006 0.057736720554272515
16 0.11760355029585799 0.7852193995381063 0.03254437869822485 0.04849884526558892
4 0.8328402366863905 0.7390300230946882 0.0621301775147929 0.09930715935334873
10 0.19230769230769232 0.7575057736720554 0.07100591715976332 0.10392609699769054