0 0.2677514792899408 0.35219399538106233 0.08727810650887574 0.16859122401847576
11 0.40606508875739644 0.9595842956120092 0.04881656804733728 0.07621247113163972
11 0.46079881656804733 0.953810623556582 0.04881656804733728 0.08775981524249422
11 0.28032544378698226 0.8071593533487298 0.04881656804733728 0.13394919168591224
11 0.25961538461538464 0.5969976905311778 0.047337278106508875 0.12933025404157045
11 0.33210059171597633 0.7944572748267898 0.04881656804733728 0.13394919168591224
11 0.3875739644970414 0.7806004618937644 0.04881656804733728 0.13163972286374134
11 0.4393491124260355 0.766743648960739 0.047337278106508875 0.13394919168591224
11 0.3121301775147929 0.5842956120092379 0.04437869822485207 0.13163972286374134
11 0.3646449704142012 0.5704387990762124 0.04881656804733728 0.13163972286374134
11 0.3431952662721893 0.33140877598152424 0.051775147928994084 0.13625866050808313
11 0.4156804733727811 0.5577367205542725 0.047337278106508875 0.13163972286374134
11 0.3927514792899408 0.32217090069284066 0.04881656804733728 0.12933025404157045
4 0.33579881656804733 0.9792147806004619 0.0650887573964497 0.03695150115473441
10 0.34985207100591714 0.046189376443418015 0.060650887573964495 0.04387990762124711