0 0.2835820895522388 0.11995515695067265 0.06865671641791045 0.10762331838565023
4 0.2828358208955224 0.968609865470852 0.06865671641791045 0.02914798206278027
11 0.3619402985074627 0.9641255605381166 0.04477611940298507 0.04932735426008968
11 0.41940298507462687 0.9674887892376681 0.04626865671641791 0.053811659192825115
11 0.25223880597014925 0.44506726457399104 0.03731343283582089 0.10986547085201794
11 0.30597014925373134 0.4461883408071749 0.03880597014925373 0.10538116591928251
11 0.35522388059701493 0.1266816143497758 0.03731343283582089 0.09417040358744394
11 0.40671641791044777 0.1311659192825112 0.03731343283582089 0.09192825112107623
16 0.2626865671641791 0.008968609865470852 0.04477611940298507 0.017937219730941704
16 0.32611940298507464 0.011210762331838564 0.049253731343283584 0.02242152466367713
16 0.39104477611940297 0.013452914798206279 0.04776119402985075 0.026905829596412557
11 0.3597014925373134 0.6042600896860987 0.04477611940298507 0.10986547085201794
11 0.4134328358208955 0.6065022421524664 0.04029850746268657 0.10986547085201794
11 0.38731343283582087 0.25 0.08208955223880597 0.05605381165919283
6 0.3582089552238806 0.4551569506726457 0.03880597014925373 0.13452914798206278
6 0.4126865671641791 0.45739910313901344 0.03731343283582089 0.13452914798206278