0 0.22313432835820896 0.7757847533632287 0.0791044776119403 0.11434977578475336
4 0.8037313432835821 0.8878923766816144 0.06716417910447761 0.11210762331838565
11 0.8156716417910448 0.7701793721973094 0.0880597014925373 0.08295964125560538
11 0.8246268656716418 0.6838565022421524 0.09104477611940298 0.08520179372197309
11 0.43283582089552236 0.8621076233183856 0.07611940298507462 0.06950672645739911
11 0.44104477611940296 0.7825112107623319 0.07313432835820896 0.07174887892376682
11 0.23582089552238805 0.6704035874439462 0.06567164179104477 0.06726457399103139
11 0.24477611940298508 0.594170403587444 0.06417910447761194 0.06726457399103139
16 0.12686567164179105 0.7903587443946188 0.049253731343283584 0.07174887892376682
16 0.07388059701492537 0.7825112107623319 0.04626865671641791 0.07399103139013453
16 0.1373134328358209 0.6961883408071748 0.05223880597014925 0.07847533632286996
16 0.08432835820895522 0.6860986547085202 0.049253731343283584 0.07623318385650224
16 0.14925373134328357 0.600896860986547 0.049253731343283584 0.07399103139013453
16 0.09477611940298507 0.5952914798206278 0.04626865671641791 0.07174887892376682
11 0.5522388059701493 0.7219730941704036 0.07761194029850746 0.08071748878923767
11 0.5597014925373134 0.6423766816143498 0.07761194029850746 0.07399103139013453
11 0.3208955223880597 0.6367713004484304 0.04626865671641791 0.12780269058295965
6 0.45298507462686566 0.7062780269058296 0.09253731343283582 0.07399103139013453
6 0.46119402985074626 0.625560538116592 0.09253731343283582 0.07174887892376682