0 0.2753731343283582 0.13228699551569506 0.06716417910447761 0.10538116591928251
4 0.29328358208955224 0.9798206278026906 0.06716417910447761 0.026905829596412557
11 0.373134328358209 0.9708520179372198 0.04328358208955224 0.04932735426008968
11 0.4305970149253731 0.9708520179372198 0.04477611940298507 0.0515695067264574
11 0.25149253731343285 0.45739910313901344 0.03582089552238806 0.10762331838565023
11 0.30522388059701494 0.4562780269058296 0.03731343283582089 0.1031390134529148
11 0.34701492537313433 0.13452914798206278 0.03582089552238806 0.09192825112107623
11 0.39850746268656717 0.1367713004484305 0.03582089552238806 0.08968609865470852
16 0.25149253731343285 0.014573991031390135 0.04328358208955224 0.02914798206278027
16 0.31492537313432833 0.01569506726457399 0.04776119402985075 0.03139013452914798
16 0.3798507462686567 0.01569506726457399 0.04626865671641791 0.03139013452914798
11 0.3619402985074627 0.6121076233183856 0.04328358208955224 0.10762331838565023
11 0.41567164179104477 0.6109865470852018 0.03880597014925373 0.10762331838565023
11 0.382089552238806 0.2556053811659193 0.08059701492537313 0.0515695067264574
6 0.3574626865671642 0.46300448430493274 0.03582089552238806 0.13228699551569506
6 0.41194029850746267 0.4618834080717489 0.034328358208955224 0.13228699551569506