0 0.540625 0.4975 0.11125 0.12333333333333334
0 0.690625 0.56 0.1175 0.12833333333333333
4 0.053125 0.32083333333333336 0.05625 0.07833333333333334
4 0.05875 0.43 0.05375 0.07166666666666667
16 0.835625 0.5566666666666666 0.06375 0.09
16 0.93125 0.59 0.065 0.08666666666666667
16 0.81125 0.6633333333333333 0.06125 0.08
16 0.90125 0.6958333333333333 0.06 0.08
16 0.786875 0.7575 0.05875 0.075
16 0.8725 0.7908333333333334 0.06 0.07666666666666666
11 0.671875 0.6525 0.0975 0.07833333333333334
11 0.661875 0.7133333333333334 0.09625 0.07833333333333334
11 0.28625 0.49166666666666664 0.07875 0.065
11 0.285625 0.5541666666666667 0.0775 0.06833333333333333
11 0.401875 0.5375 0.0875 0.07333333333333333
11 0.521875 0.6491666666666667 0.09 0.07666666666666666
11 0.528125 0.5933333333333334 0.09 0.06833333333333333
16 0.16625 0.4075 0.04125 0.06
8 0.286875 0.41583333333333333 0.08 0.08666666666666667
6 0.396875 0.6041666666666666 0.10375 0.08
10 0.18625 0.49666666666666665 0.0475 0.06166666666666667