0 0.50625 0.5533333333333333 0.0825 0.13833333333333334
0 0.475 0.7591666666666667 0.085 0.145
16 0.4925 0.9508333333333333 0.06125 0.07666666666666666
16 0.410625 0.93 0.055 0.075
16 0.338125 0.9075 0.05125 0.07166666666666667
11 0.404375 0.7441666666666666 0.04875 0.12333333333333334
11 0.3575 0.7366666666666667 0.05 0.12166666666666667
11 0.48375 0.21583333333333332 0.04125 0.1
11 0.4375 0.22166666666666668 0.04375 0.09833333333333333
11 0.461875 0.37416666666666665 0.04625 0.11
11 0.39125 0.5441666666666667 0.04875 0.11333333333333333
11 0.433125 0.5466666666666666 0.0425 0.115
16 0.534375 0.0475 0.04125 0.05
8 0.540625 0.20833333333333334 0.0575 0.1
6 0.41125 0.37416666666666665 0.05 0.13166666666666665
10 0.469375 0.08333333333333333 0.0425 0.058333333333333334