0 0.459375 0.5008333333333334 0.11375 0.12833333333333333
0 0.31125 0.43083333333333335 0.12 0.13166666666666665
4 0.9425 0.7 0.05875 0.08
4 0.939375 0.5908333333333333 0.055 0.07333333333333333
16 0.16625 0.4275 0.065 0.09166666666666666
16 0.071875 0.39 0.06625 0.08833333333333333
16 0.193125 0.3225 0.06375 0.08333333333333333
16 0.104375 0.285 0.0625 0.08333333333333333
16 0.22 0.22916666666666666 0.06 0.07833333333333334
16 0.135625 0.19166666666666668 0.06125 0.08
11 0.331875 0.34 0.09875 0.08166666666666667
11 0.34375 0.2791666666666667 0.0975 0.08333333333333333
11 0.713125 0.5183333333333333 0.08 0.06833333333333333
11 0.715625 0.4558333333333333 0.07875 0.07166666666666667
11 0.59875 0.4675 0.08875 0.07666666666666666
11 0.4825 0.35 0.09125 0.08
11 0.474375 0.405 0.09125 0.07166666666666667
16 0.83125 0.6083333333333333 0.0425 0.06166666666666667
8 0.71125 0.5941666666666666 0.0825 0.09
6 0.605625 0.4 0.105 0.085
10 0.81375 0.5175 0.04875 0.065