0 0.51125 0.572938689217759 0.0425 0.09090909090909091
16 0.530625 0.6765327695560254 0.0275 0.04439746300211417
16 0.49125 0.6818181818181818 0.02875 0.04439746300211417
16 0.4525 0.6871035940803383 0.0275 0.042283298097251586
14 0.421875 0.07399577167019028 0.04125 0.13530655391120508
15 0.49375 0.05813953488372093 0.04 0.11627906976744186
1 0.421875 0.2251585623678647 0.02625 0.09513742071881606
11 0.459375 0.339323467230444 0.02125 0.07610993657505286
11 0.429375 0.34249471458773784 0.02625 0.07822410147991543
11 0.465 0.459830866807611 0.02 0.07822410147991543
11 0.434375 0.4608879492600423 0.02375 0.07610993657505286
11 0.468125 0.5761099365750528 0.0225 0.07822410147991543
11 0.436875 0.5792811839323467 0.02 0.080338266384778