0 0.500625 0.5750528541226215 0.0475 0.09725158562367865
16 0.504375 0.6839323467230444 0.03 0.048625792811839326
16 0.465625 0.6733615221987315 0.03125 0.0507399577167019
16 0.4275 0.6617336152219874 0.03 0.046511627906976744
14 0.485 0.06236786469344609 0.05 0.12473572938689217
15 0.5575 0.06659619450317125 0.045 0.12050739957716702
1 0.463125 0.20084566596194503 0.03125 0.09725158562367865
11 0.48375 0.3276955602536998 0.02625 0.07822410147991543
11 0.454375 0.3192389006342495 0.03125 0.0824524312896406
11 0.471875 0.44608879492600423 0.025 0.080338266384778
11 0.441875 0.4355179704016913 0.02875 0.07822410147991543
11 0.458125 0.5602536997885835 0.0275 0.080338266384778
11 0.4275 0.5517970401691332 0.02375 0.0824524312896406