0 0.51625 0.5697674418604651 0.0475 0.09725158562367865
16 0.543125 0.6691331923890064 0.03 0.0507399577167019
16 0.504375 0.6828752642706131 0.03125 0.0507399577167019
16 0.46625 0.6955602536997886 0.03 0.048625792811839326
14 0.39125 0.09302325581395349 0.05 0.13953488372093023
15 0.461875 0.06025369978858351 0.04625 0.12050739957716702
1 0.4025 0.24312896405919662 0.0325 0.09936575052854123
11 0.448125 0.3488372093023256 0.02625 0.07822410147991543
11 0.41875 0.3583509513742072 0.0325 0.0824524312896406
11 0.4625 0.46723044397463004 0.02625 0.080338266384778
11 0.431875 0.47463002114164904 0.02875 0.080338266384778
11 0.47375 0.5813953488372093 0.02875 0.080338266384778
11 0.443125 0.5919661733615222 0.025 0.0824524312896406