0 0.54125 0.3791208791208791 0.08625 0.17582417582417584
11 0.531875 0.21611721611721613 0.07875 0.12087912087912088
11 0.5225 0.10989010989010989 0.075 0.11355311355311355
11 0.664375 0.3608058608058608 0.0825 0.13186813186813187
11 0.65375 0.25824175824175827 0.08125 0.1282051282051282
11 0.64375 0.1446886446886447 0.0775 0.1282051282051282
11 0.635 0.05311355311355311 0.0775 0.10622710622710622
11 0.414375 0.29853479853479853 0.0725 0.10256410256410256
11 0.406875 0.18315018315018314 0.0775 0.12087912087912088
11 0.285 0.3717948717948718 0.07375 0.12087912087912088
12 0.284375 0.2564102564102564 0.05375 0.07692307692307693
16 0.175 0.6868131868131868 0.035 0.09523809523809523
16 0.109375 0.7271062271062271 0.0375 0.0989010989010989
16 0.176875 0.5274725274725275 0.0375 0.09523809523809523
16 0.1125 0.5695970695970696 0.03625 0.09523809523809523
16 0.115625 0.4249084249084249 0.035 0.09157509157509157
10 0.196875 0.3992673992673993 0.055 0.13186813186813187