16 0.9024193548387097 0.07116104868913857 0.05 0.1198501872659176
16 0.9508064516129032 0.05056179775280899 0.05 0.10112359550561797
16 0.9040322580645161 0.2247191011235955 0.05161290322580645 0.12359550561797752
16 0.9524193548387097 0.1891385767790262 0.05 0.11610486891385768
16 0.907258064516129 0.37453183520599254 0.0467741935483871 0.11610486891385768
16 0.9532258064516129 0.33707865168539325 0.0467741935483871 0.11610486891385768
0 0.7419354838709677 0.22659176029962547 0.08548387096774193 0.20224719101123595
4 0.12338709677419354 0.5692883895131086 0.08225806451612903 0.18726591760299627
11 0.43709677419354837 0.2883895131086142 0.10806451612903226 0.15355805243445692
11 0.4435483870967742 0.43258426966292135 0.1064516129032258 0.15355805243445692
11 0.6137096774193549 0.3539325842696629 0.08225806451612903 0.13857677902621723
11 0.7475806451612903 0.4044943820224719 0.07096774193548387 0.1348314606741573
11 0.7508064516129033 0.5262172284644194 0.06935483870967742 0.1348314606741573
11 0.6193548387096774 0.4943820224719101 0.08225806451612903 0.13857677902621723
11 0.14274193548387096 0.8033707865168539 0.11612903225806452 0.17228464419475656
11 0.15564516129032258 0.9344569288389513 0.11451612903225807 0.12359550561797752
10 0.3241935483870968 0.8389513108614233 0.07903225806451612 0.18726591760299627
6 0.4596774193548387 0.7284644194756554 0.11290322580645161 0.1647940074906367
8 0.45241935483870965 0.5936329588014981 0.0967741935483871 0.1760299625468165
6 0.6241935483870967 0.6292134831460674 0.1 0.13857677902621723