11 0.35 0.5716894977168949 0.021875 0.06484018264840183
11 0.348125 0.6853881278538813 0.0225 0.06484018264840183
11 0.3209375 0.682648401826484 0.02125 0.0684931506849315
11 0.3221875 0.5684931506849316 0.0225 0.06484018264840183
11 0.353125 0.4785388127853881 0.021875 0.06666666666666667
11 0.3271875 0.47990867579908675 0.02375 0.06666666666666667
11 0.355 0.39680365296803655 0.0225 0.0639269406392694
11 0.3271875 0.39315068493150684 0.024375 0.07031963470319634
11 0.40375 0.31643835616438354 0.016875 0.0639269406392694
11 0.38125 0.3127853881278539 0.02125 0.06484018264840183
2 0.6471875 0.2557077625570776 0.06875 0.08310502283105023
0 0.38375 0.6872146118721462 0.038125 0.07214611872146119
0 0.3859375 0.5776255707762558 0.034375 0.07031963470319634
16 0.396875 0.8424657534246576 0.0225 0.043835616438356165
16 0.3625 0.8397260273972603 0.024375 0.04018264840182648
16 0.3296875 0.8378995433789954 0.025625 0.04018264840182648
16 0.396875 0.7844748858447489 0.02375 0.04200913242009133
16 0.36375 0.7821917808219178 0.023125 0.04200913242009133
17 0.374375 0.936986301369863 0.056875 0.034703196347031964
17 0.574375 0.9488584474885845 0.051875 0.03287671232876712
17 0.5084375 0.9429223744292238 0.051875 0.0319634703196347
17 0.4425 0.936986301369863 0.05625 0.0365296803652968
6 0.3553125 0.31095890410958904 0.014375 0.06940639269406393
6 0.3296875 0.3041095890410959 0.015625 0.07123287671232877
10 0.3265625 0.7817351598173516 0.0225 0.042922374429223746