11 0.5790625 0.6995433789954338 0.046875 0.042922374429223746
11 0.655625 0.6785388127853881 0.046875 0.043835616438356165
11 0.659375 0.7178082191780822 0.049375 0.042922374429223746
11 0.5828125 0.7397260273972602 0.046875 0.043835616438356165
11 0.51625 0.7146118721461188 0.048125 0.042922374429223746
11 0.5225 0.7511415525114156 0.04875 0.045662100456621
11 0.4609375 0.7287671232876712 0.04625 0.043835616438356165
11 0.464375 0.769406392694064 0.05125 0.047488584474885846
11 0.396875 0.6757990867579908 0.04625 0.03561643835616438
11 0.399375 0.708675799086758 0.046875 0.04200913242009133
2 0.3059375 0.3401826484018265 0.0675 0.11232876712328767
0 0.649375 0.6273972602739726 0.055 0.06757990867579909
0 0.575625 0.6470319634703197 0.053125 0.062100456621004566
16 0.7509375 0.5762557077625571 0.033125 0.039269406392694065
16 0.75625 0.626027397260274 0.030625 0.04200913242009133
16 0.7615625 0.6730593607305936 0.03125 0.042922374429223746
16 0.711875 0.5881278538812785 0.031875 0.0410958904109589
16 0.7175 0.6360730593607306 0.031875 0.04018264840182648
17 0.81875 0.5885844748858448 0.033125 0.0867579908675799
17 0.785 0.3004566210045662 0.03125 0.07945205479452055
17 0.7946875 0.3958904109589041 0.030625 0.07945205479452055
17 0.804375 0.491324200913242 0.03375 0.0867579908675799
6 0.4034375 0.7461187214611872 0.049375 0.03287671232876712
6 0.404375 0.7840182648401827 0.050625 0.034703196347031964
10 0.7246875 0.689041095890411 0.0325 0.039269406392694065