11 0.5409375 0.7223744292237443 0.045 0.03561643835616438
11 0.61875 0.7315068493150685 0.045 0.0365296803652968
11 0.615625 0.7707762557077625 0.0475 0.034703196347031964
11 0.5375 0.763013698630137 0.045 0.0365296803652968
11 0.4775 0.7132420091324201 0.04625 0.03561643835616438
11 0.4771875 0.7511415525114156 0.04625 0.038356164383561646
11 0.421875 0.7063926940639269 0.044375 0.0365296803652968
11 0.418125 0.7465753424657534 0.04875 0.039269406392694065
11 0.369375 0.6310502283105023 0.045 0.028310502283105023
11 0.3659375 0.6634703196347032 0.045 0.034703196347031964
2 0.3409375 0.27214611872146116 0.06 0.10410958904109589
0 0.621875 0.6794520547945205 0.05125 0.0593607305936073
0 0.546875 0.6703196347031963 0.05 0.053881278538812784
16 0.72875 0.6684931506849315 0.030625 0.034703196347031964
16 0.725 0.7182648401826484 0.02875 0.03744292237442922
16 0.721875 0.7662100456621005 0.02875 0.039269406392694065
16 0.6890625 0.6652968036529681 0.029375 0.0365296803652968
16 0.6859375 0.7136986301369863 0.029375 0.03561643835616438
17 0.7921875 0.7059360730593607 0.02625 0.08401826484018265
17 0.810625 0.41506849315068495 0.025625 0.07671232876712329
17 0.803125 0.510958904109589 0.025 0.07671232876712329
17 0.795625 0.6068493150684932 0.0275 0.08310502283105023
6 0.363125 0.7013698630136986 0.048125 0.024657534246575342
6 0.3575 0.7378995433789954 0.049375 0.026484018264840183
10 0.68375 0.7675799086757991 0.03 0.034703196347031964