0 0.38976377952755903 0.8004201680672269 0.050393700787401574 0.08123249299719888
16 0.5897637795275591 0.9628851540616247 0.028346456692913385 0.049019607843137254
16 0.5948818897637795 0.907563025210084 0.029921259842519685 0.05182072829131653
16 0.6003937007874016 0.8501400560224089 0.029921259842519685 0.05042016806722689
16 0.6228346456692914 0.9719887955182073 0.027559055118110236 0.047619047619047616
16 0.6279527559055118 0.9166666666666666 0.028346456692913385 0.05042016806722689
16 0.6350393700787401 0.8613445378151261 0.025984251968503937 0.046218487394957986
11 0.37913385826771656 0.9026610644257703 0.046456692913385826 0.047619047619047616
11 0.38228346456692913 0.8585434173669467 0.046456692913385826 0.047619047619047616
11 0.4401574803149606 0.9208683473389355 0.04330708661417323 0.047619047619047616
11 0.44448818897637793 0.8809523809523809 0.04488188976377953 0.047619047619047616
11 0.44881889763779526 0.8361344537815126 0.04566929133858268 0.05182072829131653
11 0.4515748031496063 0.792016806722689 0.04488188976377953 0.05042016806722689
11 0.5303149606299212 0.9537815126050421 0.046456692913385826 0.05182072829131653
11 0.534251968503937 0.9089635854341737 0.04488188976377953 0.04481792717086835
11 0.5393700787401575 0.8718487394957983 0.04330708661417323 0.047619047619047616
11 0.5437007874015748 0.8249299719887955 0.04488188976377953 0.047619047619047616
12 0.4811023622047244 0.9502801120448179 0.031496062992125984 0.03221288515406162
1 0.6897637795275591 0.8774509803921569 0.025196850393700787 0.08123249299719888
17 0.7003937007874016 0.7661064425770309 0.029921259842519685 0.09803921568627451
17 0.7133858267716535 0.6617647058823529 0.029921259842519685 0.10084033613445378
17 0.7216535433070866 0.5749299719887955 0.025196850393700787 0.06162464985994398
16 0.26968503937007876 0.7829131652661064 0.03385826771653543 0.058823529411764705
10 0.2618110236220472 0.8550420168067226 0.029921259842519685 0.05182072829131653