0 0.46811023622047243 0.8543417366946778 0.051181102362204724 0.08263305322128851
16 0.6877952755905512 0.8578431372549019 0.029133858267716535 0.05042016806722689
16 0.6799212598425197 0.8032212885154062 0.030708661417322834 0.05322128851540616
16 0.6720472440944882 0.7471988795518207 0.030708661417322834 0.05182072829131653
16 0.7200787401574803 0.842436974789916 0.028346456692913385 0.049019607843137254
16 0.7122047244094488 0.7878151260504201 0.029133858267716535 0.05182072829131653
16 0.7059055118110236 0.7324929971988795 0.026771653543307086 0.047619047619047616
11 0.481496062992126 0.9551820728291317 0.046456692913385826 0.05042016806722689
11 0.4744094488188976 0.9131652661064426 0.046456692913385826 0.05042016806722689
11 0.5413385826771654 0.9278711484593838 0.04330708661417323 0.05042016806722689
11 0.5362204724409448 0.8879551820728291 0.04488188976377953 0.049019607843137254
11 0.5299212598425197 0.8438375350140056 0.046456692913385826 0.05322128851540616
11 0.5224409448818897 0.8018207282913166 0.04488188976377953 0.05182072829131653
11 0.631496062992126 0.8921568627450981 0.047244094488188976 0.0546218487394958
11 0.6248031496062992 0.8487394957983193 0.04566929133858268 0.047619047619047616
11 0.6208661417322835 0.8109243697478992 0.04330708661417323 0.05042016806722689
11 0.6141732283464567 0.7654061624649859 0.04488188976377953 0.049019607843137254
12 0.5854330708661417 0.9250700280112045 0.03228346456692913 0.03361344537815126
1 0.7598425196850394 0.7072829131652661 0.026771653543307086 0.08263305322128851
17 0.7437007874015747 0.5980392156862745 0.031496062992125984 0.09803921568627451
17 0.7318897637795275 0.49299719887955185 0.03228346456692913 0.10084033613445378
17 0.7196850393700788 0.40826330532212884 0.025984251968503937 0.06302521008403361
16 0.3543307086614173 0.9250700280112045 0.03464566929133858 0.06022408963585434
10 0.3637795275590551 0.9838935574229691 0.031496062992125984 0.029411764705882353