0 0.5275 0.8571428571428571 0.075 0.13721804511278196
16 0.54875 0.9859022556390977 0.055 0.02443609022556391
16 0.484375 0.9802631578947368 0.04875 0.03759398496240601
16 0.423125 0.9708646616541353 0.0475 0.046992481203007516
14 0.4025 0.12593984962406016 0.09 0.2518796992481203
11 0.456875 0.8402255639097744 0.04 0.11654135338345864
11 0.41 0.831766917293233 0.0375 0.11654135338345864
11 0.565 0.6588345864661654 0.04375 0.12406015037593984
11 0.518125 0.6522556390977443 0.03875 0.12406015037593984
15 0.495625 0.1099624060150376 0.07875 0.2199248120300752
1 0.488125 0.38533834586466165 0.045 0.15225563909774437
17 0.403125 0.3815789473684211 0.05125 0.17293233082706766
10 0.563125 0.3919172932330827 0.04625 0.08646616541353383
6 0.41125 0.6381578947368421 0.045 0.14849624060150377
8 0.463125 0.6428571428571429 0.04125 0.12030075187969924