0 0.261875 0.5291353383458647 0.09375 0.11654135338345864
16 0.15625 0.5516917293233082 0.05375 0.08270676691729323
16 0.085625 0.543233082706767 0.05125 0.08082706766917293
16 0.16875 0.45770676691729323 0.05125 0.07518796992481203
16 0.098125 0.45770676691729323 0.05125 0.07142857142857142
16 0.18125 0.36654135338345867 0.04875 0.07330827067669173
16 0.11375 0.36466165413533835 0.05125 0.07894736842105263
11 0.969375 0.5733082706766918 0.05625 0.06390977443609022
11 0.96875 0.4943609022556391 0.06 0.06766917293233082
14 0.798125 0.37030075187969924 0.25875 0.15037593984962405
11 0.275625 0.42293233082706766 0.07875 0.06390977443609022
11 0.2825 0.3533834586466165 0.07875 0.06015037593984962
11 0.3925 0.5921052631578947 0.08375 0.06954887218045112
11 0.398125 0.5216165413533834 0.08375 0.06390977443609022
15 0.79625 0.5093984962406015 0.21625 0.13157894736842105
4 0.975 0.3966165413533835 0.0475 0.09774436090225563
1 0.576875 0.4868421052631579 0.10125 0.07330827067669173
17 0.5825 0.35902255639097747 0.11625 0.08270676691729323
10 0.569375 0.5986842105263158 0.05875 0.07330827067669173
6 0.41125 0.3618421052631579 0.09875 0.07330827067669173
8 0.40625 0.4398496240601504 0.08125 0.06578947368421052