0 0.535625 0.8552631578947368 0.07125 0.13345864661654136
16 0.559375 0.9849624060150376 0.05375 0.02631578947368421
16 0.495625 0.981203007518797 0.0475 0.03571428571428571
16 0.43375 0.974624060150376 0.04625 0.045112781954887216
14 0.393125 0.12781954887218044 0.08375 0.2556390977443609
11 0.465 0.8421052631578947 0.0375 0.11466165413533834
11 0.418125 0.8364661654135338 0.035 0.11466165413533834
11 0.56875 0.6550751879699248 0.04125 0.12218045112781954
11 0.52125 0.6513157894736842 0.03625 0.12218045112781954
15 0.485625 0.10902255639097744 0.07375 0.21804511278195488
1 0.485625 0.38627819548872183 0.04125 0.15037593984962405
17 0.400625 0.38627819548872183 0.0475 0.17105263157894737
10 0.560625 0.3890977443609023 0.045 0.08458646616541353
6 0.414375 0.6428571428571429 0.04125 0.14661654135338345
8 0.46625 0.6447368421052632 0.03875 0.12030075187969924