2 0.43777777777777777 0.3737244897959184 0.12 0.10459183673469388
4 0.7788888888888889 0.8418367346938775 0.042222222222222223 0.04846938775510204
4 0.8344444444444444 0.8341836734693877 0.044444444444444446 0.05102040816326531
4 0.7233333333333334 0.1683673469387755 0.035555555555555556 0.04846938775510204
4 0.5955555555555555 0.07525510204081633 0.04 0.04846938775510204
5 0.6433333333333333 0.764030612244898 0.06444444444444444 0.2627551020408163
15 0.8355555555555556 0.7168367346938775 0.04888888888888889 0.14795918367346939
3 0.7644444444444445 0.7244897959183674 0.06 0.15051020408163265
16 0.7155555555555555 0.2857142857142857 0.04 0.04081632653061224
16 0.76 0.28316326530612246 0.03777777777777778 0.04081632653061224
16 0.8088888888888889 0.28061224489795916 0.03777777777777778 0.04081632653061224
0 0.7455555555555555 0.37244897959183676 0.04666666666666667 0.07397959183673469
11 0.7866666666666666 0.37244897959183676 0.02666666666666667 0.06887755102040816
11 0.8155555555555556 0.3673469387755102 0.03333333333333333 0.07142857142857142
13 0.7133333333333334 0.07908163265306123 0.10666666666666667 0.05612244897959184
16 0.8322222222222222 0.5918367346938775 0.03777777777777778 0.04336734693877551
8 0.8288888888888889 0.5038265306122449 0.05555555555555555 0.04336734693877551