2 0.42333333333333334 0.38392857142857145 0.13111111111111112 0.11989795918367346
4 0.8177777777777778 0.7946428571428571 0.04666666666666667 0.05357142857142857
4 0.8711111111111111 0.7767857142857143 0.051111111111111114 0.058673469387755105
4 0.6811111111111111 0.1364795918367347 0.04 0.05357142857142857
4 0.5433333333333333 0.06377551020408163 0.044444444444444446 0.05357142857142857
5 0.6733333333333333 0.7385204081632653 0.09555555555555556 0.2653061224489796
15 0.8577777777777778 0.6619897959183674 0.06444444444444444 0.15051020408163265
3 0.7888888888888889 0.6798469387755102 0.07777777777777778 0.15816326530612246
16 0.6877777777777778 0.2538265306122449 0.044444444444444446 0.04591836734693878
16 0.7311111111111112 0.24362244897959184 0.042222222222222223 0.04591836734693878
16 0.7788888888888889 0.23341836734693877 0.042222222222222223 0.04591836734693878
0 0.7277777777777777 0.3354591836734694 0.05333333333333334 0.07908163265306123
11 0.7677777777777778 0.3278061224489796 0.03333333333333333 0.07142857142857142
11 0.7966666666666666 0.31760204081632654 0.04 0.07397959183673469
13 0.6611111111111111 0.04846938775510204 0.1111111111111111 0.07142857142857142
16 0.84 0.5382653061224489 0.042222222222222223 0.04846938775510204
8 0.8266666666666667 0.45153061224489793 0.06 0.05102040816326531