2 0.39111111111111113 0.5739795918367347 0.09111111111111111 0.14030612244897958
4 0.7933333333333333 0.17346938775510204 0.044444444444444446 0.05102040816326531
4 0.7844444444444445 0.1096938775510204 0.04666666666666667 0.05357142857142857
4 0.20777777777777778 0.24872448979591838 0.042222222222222223 0.04336734693877551
4 0.1288888888888889 0.3979591836734694 0.042222222222222223 0.04846938775510204
5 0.7266666666666667 0.33163265306122447 0.2311111111111111 0.07908163265306123
15 0.6833333333333333 0.11096938775510204 0.1288888888888889 0.058673469387755105
3 0.6911111111111111 0.19260204081632654 0.13333333333333333 0.07142857142857142
16 0.31 0.25637755102040816 0.035555555555555556 0.04591836734693878
16 0.30666666666666664 0.20535714285714285 0.035555555555555556 0.04336734693877551
16 0.30333333333333334 0.14923469387755103 0.035555555555555556 0.04336734693877551
0 0.38555555555555554 0.22066326530612246 0.06666666666666667 0.05357142857142857
11 0.38333333333333336 0.17346938775510204 0.06 0.030612244897959183
11 0.3788888888888889 0.13903061224489796 0.06222222222222222 0.03826530612244898
13 0.1288888888888889 0.2614795918367347 0.051111111111111114 0.12244897959183673
16 0.5744444444444444 0.11734693877551021 0.03777777777777778 0.04336734693877551
8 0.49777777777777776 0.12244897959183673 0.03777777777777778 0.06377551020408163