16 0.3888888888888889 0.38958333333333334 0.043055555555555555 0.027083333333333334
16 0.4305555555555556 0.3848958333333333 0.03611111111111111 0.027083333333333334
16 0.4625 0.3828125 0.034722222222222224 0.026041666666666668
15 0.5076388888888889 0.590625 0.0625 0.09166666666666666
11 0.4583333333333333 0.5130208333333334 0.03611111111111111 0.03854166666666667
11 0.4888888888888889 0.509375 0.0375 0.040625
14 0.5333333333333333 0.70625 0.07083333333333333 0.11770833333333333
11 0.5159722222222223 0.7927083333333333 0.03611111111111111 0.04375
11 0.54375 0.784375 0.03194444444444444 0.041666666666666664
11 0.4513888888888889 0.446875 0.029166666666666667 0.0375
11 0.48055555555555557 0.4432291666666667 0.027777777777777776 0.03854166666666667
0 0.4125 0.45 0.04722222222222222 0.041666666666666664
4 0.4777777777777778 0.803125 0.05277777777777778 0.035416666666666666