16 0.6548611111111111 0.4244791666666667 0.03333333333333333 0.03125
16 0.6576388888888889 0.45625 0.03333333333333333 0.026041666666666668
16 0.6583333333333333 0.48020833333333335 0.03333333333333333 0.023958333333333335
15 0.37916666666666665 0.49947916666666664 0.12083333333333333 0.041666666666666664
11 0.48541666666666666 0.46822916666666664 0.05 0.023958333333333335
11 0.48819444444444443 0.49114583333333334 0.05277777777777778 0.026041666666666668
14 0.22361111111111112 0.5109375 0.15555555555555556 0.04583333333333333
11 0.10972222222222222 0.49166666666666664 0.05694444444444444 0.025
11 0.11875 0.5130208333333334 0.05555555555555555 0.021875
11 0.5743055555555555 0.4671875 0.04861111111111111 0.01875
11 0.5763888888888888 0.4890625 0.05 0.01875
0 0.5722222222222222 0.43802083333333336 0.05416666666666667 0.03333333333333333
4 0.09791666666666667 0.46197916666666666 0.044444444444444446 0.0375