16 0.41041666666666665 0.37864583333333335 0.04027777777777778 0.022916666666666665
16 0.4527777777777778 0.37864583333333335 0.03333333333333333 0.023958333333333335
16 0.4847222222222222 0.3802083333333333 0.030555555555555555 0.023958333333333335
15 0.4909722222222222 0.590625 0.04722222222222222 0.08854166666666667
11 0.45694444444444443 0.5083333333333333 0.029166666666666667 0.036458333333333336
11 0.4875 0.5083333333333333 0.030555555555555555 0.03854166666666667
14 0.4951388888888889 0.7072916666666667 0.05138888888888889 0.11458333333333333
11 0.46111111111111114 0.7911458333333333 0.029166666666666667 0.041666666666666664
11 0.49027777777777776 0.7864583333333334 0.025 0.040625
11 0.4618055555555556 0.4421875 0.022222222222222223 0.036458333333333336
11 0.4909722222222222 0.44166666666666665 0.020833333333333332 0.036458333333333336
0 0.42291666666666666 0.44166666666666665 0.04027777777777778 0.03854166666666667
4 0.4215277777777778 0.7979166666666667 0.04722222222222222 0.03125