0 0.5423469387755102 0.8926380368098159 0.0326530612244898 0.05521472392638037
11 0.564795918367347 0.8957055214723927 0.02857142857142857 0.05368098159509203
11 0.5801020408163265 0.897239263803681 0.026530612244897958 0.05521472392638037
16 0.5612244897959183 0.8312883435582822 0.024489795918367346 0.03680981595092025
16 0.5821428571428572 0.8335889570552147 0.022448979591836733 0.0352760736196319
16 0.6030612244897959 0.8358895705521472 0.02142857142857143 0.0352760736196319
16 0.5877551020408164 0.7676380368098159 0.026530612244897958 0.03987730061349693
16 0.6096938775510204 0.7699386503067485 0.02040816326530612 0.03680981595092025
16 0.628061224489796 0.7730061349693251 0.025510204081632654 0.03834355828220859
11 0.5316326530612245 0.9693251533742331 0.030612244897959183 0.05828220858895705
11 0.5474489795918367 0.9693251533742331 0.02959183673469388 0.05828220858895705