0 0.2586734693877551 0.6633435582822086 0.03469387755102041 0.046012269938650305
11 0.2627551020408163 0.6970858895705522 0.0336734693877551 0.03987730061349693
11 0.2653061224489796 0.7193251533742331 0.03571428571428571 0.03680981595092025
16 0.3025510204081633 0.6748466257668712 0.02346938775510204 0.0352760736196319
16 0.30714285714285716 0.7055214723926381 0.022448979591836733 0.032208588957055216
16 0.3107142857142857 0.7361963190184049 0.02142857142857143 0.03067484662576687
16 0.35051020408163264 0.696319018404908 0.024489795918367346 0.03834355828220859
16 0.3551020408163265 0.7292944785276073 0.022448979591836733 0.029141104294478526
16 0.3576530612244898 0.7569018404907976 0.024489795918367346 0.0352760736196319
4 0.026530612244897958 0.6042944785276073 0.025510204081632654 0.032208588957055216
4 0.06836734693877551 0.6219325153374233 0.024489795918367346 0.03374233128834356
3 0.1326530612244898 0.6648773006134969 0.05204081632653061 0.05828220858895705
5 0.07908163265306123 0.593558282208589 0.1 0.09662576687116564
11 0.20561224489795918 0.6671779141104295 0.03979591836734694 0.03987730061349693
11 0.2076530612244898 0.6909509202453987 0.04285714285714286 0.03680981595092025