0 0.2403061224489796 0.5774539877300614 0.03571428571428571 0.04754601226993865
11 0.2392857142857143 0.6111963190184049 0.03469387755102041 0.04141104294478527
11 0.23877551020408164 0.63420245398773 0.036734693877551024 0.03834355828220859
16 0.2816326530612245 0.6035276073619632 0.024489795918367346 0.03680981595092025
16 0.2811224489795918 0.6349693251533742 0.022448979591836733 0.03374233128834356
16 0.28061224489795916 0.6664110429447853 0.022448979591836733 0.032208588957055216
16 0.325 0.6411042944785276 0.025510204081632654 0.03987730061349693
16 0.32448979591836735 0.674079754601227 0.02346938775510204 0.03067484662576687
16 0.3229591836734694 0.7016871165644172 0.025510204081632654 0.03680981595092025
4 0.02295918367346939 0.44171779141104295 0.025510204081632654 0.03374233128834356
4 0.061224489795918366 0.473159509202454 0.025510204081632654 0.0352760736196319
3 0.11734693877551021 0.536042944785276 0.053061224489795916 0.06134969325153374
5 0.07551020408163266 0.4493865030674847 0.10306122448979592 0.10429447852760736
11 0.188265306122449 0.5636503067484663 0.04081632653061224 0.04294478527607362
11 0.18622448979591838 0.5874233128834356 0.04387755102040816 0.03987730061349693