16 0.17416666666666666 0.51 0.0325 0.044444444444444446
16 0.18041666666666667 0.45222222222222225 0.030833333333333334 0.044444444444444446
16 0.1875 0.39611111111111114 0.028333333333333332 0.04
0 0.32458333333333333 0.5027777777777778 0.06416666666666666 0.07222222222222222
0 0.245 0.48777777777777775 0.06416666666666666 0.07
11 0.5704166666666667 0.575 0.0475 0.03666666666666667
11 0.575 0.5344444444444445 0.049166666666666664 0.035555555555555556
11 0.57875 0.49666666666666665 0.04583333333333333 0.03333333333333333
11 0.5820833333333333 0.455 0.04666666666666667 0.03888888888888889
11 0.51125 0.5627777777777778 0.04833333333333333 0.03666666666666667
11 0.5158333333333334 0.5238888888888888 0.049166666666666664 0.034444444444444444
11 0.51875 0.485 0.0475 0.034444444444444444
11 0.5233333333333333 0.4461111111111111 0.0475 0.03777777777777778
11 0.4508333333333333 0.5538888888888889 0.0475 0.03888888888888889
11 0.3925 0.5433333333333333 0.049166666666666664 0.03333333333333333
11 0.4554166666666667 0.5116666666666667 0.0475 0.03222222222222222
11 0.39625 0.5027777777777778 0.0475 0.034444444444444444
11 0.45958333333333334 0.47444444444444445 0.04833333333333333 0.03666666666666667
11 0.4008333333333333 0.4633333333333333 0.04833333333333333 0.03333333333333333
11 0.4633333333333333 0.435 0.04833333333333333 0.03777777777777778
11 0.40458333333333335 0.425 0.04833333333333333 0.034444444444444444
11 0.33 0.45222222222222225 0.04583333333333333 0.03666666666666667
11 0.33625 0.41333333333333333 0.04833333333333333 0.04
11 0.25166666666666665 0.43666666666666665 0.04666666666666667 0.03666666666666667
11 0.25666666666666665 0.3977777777777778 0.04583333333333333 0.03666666666666667
1 0.63125 0.48777777777777775 0.030833333333333334 0.0811111111111111
17 0.6991666666666667 0.47444444444444445 0.065 0.042222222222222223
17 0.7745833333333333 0.48833333333333334 0.0675 0.044444444444444446