16 0.8195833333333333 0.41444444444444445 0.029166666666666667 0.04111111111111111
16 0.8208333333333333 0.4727777777777778 0.0275 0.04111111111111111
16 0.82125 0.53 0.025833333333333333 0.03666666666666667
0 0.6725 0.45666666666666667 0.06 0.06444444444444444
0 0.7525 0.4533333333333333 0.06 0.06222222222222222
11 0.42083333333333334 0.44277777777777777 0.04583333333333333 0.03111111111111111
11 0.4216666666666667 0.48388888888888887 0.0475 0.028888888888888888
11 0.42291666666666666 0.5211111111111111 0.04416666666666667 0.027777777777777776
11 0.425 0.5633333333333334 0.045 0.03333333333333333
11 0.48083333333333333 0.4411111111111111 0.04666666666666667 0.03111111111111111
11 0.48125 0.48055555555555557 0.0475 0.027777777777777776
11 0.48333333333333334 0.5188888888888888 0.04583333333333333 0.028888888888888888
11 0.4841666666666667 0.5583333333333333 0.04583333333333333 0.03222222222222222
11 0.54125 0.43555555555555553 0.04583333333333333 0.03333333333333333
11 0.6004166666666667 0.43277777777777776 0.0475 0.02666666666666667
11 0.5425 0.4777777777777778 0.04583333333333333 0.02666666666666667
11 0.6016666666666667 0.4727777777777778 0.04583333333333333 0.028888888888888888
11 0.5429166666666667 0.5155555555555555 0.04666666666666667 0.03111111111111111
11 0.6025 0.5127777777777778 0.04666666666666667 0.027777777777777776
11 0.5445833333333333 0.5555555555555556 0.04666666666666667 0.03222222222222222
11 0.60375 0.5516666666666666 0.04666666666666667 0.028888888888888888
11 0.67375 0.5072222222222222 0.04416666666666667 0.03111111111111111
11 0.6725 0.5477777777777778 0.04583333333333333 0.034444444444444444
11 0.7529166666666667 0.505 0.045 0.03111111111111111
11 0.7529166666666667 0.5444444444444444 0.04416666666666667 0.03111111111111111
1 0.3720833333333333 0.5427777777777778 0.025 0.07888888888888888
17 0.3070833333333333 0.5711111111111111 0.06333333333333334 0.034444444444444444
17 0.23083333333333333 0.5755555555555556 0.06583333333333333 0.035555555555555556