16 0.19625 0.6583333333333333 0.034166666666666665 0.04666666666666667
16 0.1875 0.6011111111111112 0.0325 0.04666666666666667
16 0.17958333333333334 0.545 0.03 0.042222222222222223
0 0.3358333333333333 0.5827777777777777 0.06666666666666667 0.07666666666666666
0 0.25708333333333333 0.6044444444444445 0.06666666666666667 0.07444444444444444
11 0.5854166666666667 0.5383333333333333 0.04833333333333333 0.04111111111111111
11 0.5791666666666667 0.49777777777777776 0.05 0.03888888888888889
11 0.5729166666666666 0.46111111111111114 0.04666666666666667 0.03666666666666667
11 0.5658333333333333 0.42 0.04833333333333333 0.042222222222222223
11 0.5266666666666666 0.5538888888888889 0.049166666666666664 0.04111111111111111
11 0.52125 0.515 0.05 0.03777777777777778
11 0.51375 0.4772222222222222 0.04833333333333333 0.03888888888888889
11 0.5079166666666667 0.4388888888888889 0.04833333333333333 0.042222222222222223
11 0.46791666666666665 0.5727777777777778 0.049166666666666664 0.043333333333333335
11 0.41 0.5894444444444444 0.049166666666666664 0.03666666666666667
11 0.46125 0.5316666666666666 0.0475 0.03666666666666667
11 0.4033333333333333 0.55 0.04833333333333333 0.03888888888888889
11 0.4558333333333333 0.49444444444444446 0.049166666666666664 0.04111111111111111
11 0.3975 0.5111111111111111 0.049166666666666664 0.03777777777777778
11 0.44916666666666666 0.45555555555555555 0.049166666666666664 0.042222222222222223
11 0.3908333333333333 0.4727777777777778 0.049166666666666664 0.03888888888888889
11 0.3279166666666667 0.5327777777777778 0.04666666666666667 0.04
11 0.32375 0.49333333333333335 0.049166666666666664 0.044444444444444446
11 0.2504166666666667 0.5538888888888889 0.0475 0.04
11 0.245 0.515 0.04666666666666667 0.04
1 0.6204166666666666 0.42833333333333334 0.035 0.08222222222222222
17 0.6808333333333333 0.385 0.06583333333333333 0.04777777777777778
17 0.755 0.36333333333333334 0.06833333333333333 0.05