0 0.15771484375 0.525 0.0458984375 0.13076923076923078
1 0.338134765625 0.33653846153846156 0.0458984375 0.08846153846153847
1 0.686279296875 0.325 0.0478515625 0.08653846153846154
16 0.103271484375 0.6807692307692308 0.017578125 0.06538461538461539
16 0.10107421875 0.5576923076923077 0.0224609375 0.08269230769230769
16 0.10009765625 0.43846153846153846 0.02001953125 0.0673076923076923
11 0.280517578125 0.46057692307692305 0.04296875 0.08846153846153847
11 0.220458984375 0.47307692307692306 0.0380859375 0.07884615384615384
11 0.27880859375 0.3644230769230769 0.0380859375 0.07115384615384615
11 0.219482421875 0.38076923076923075 0.03857421875 0.07692307692307693
14 0.598388671875 0.3576923076923077 0.0712890625 0.1076923076923077
17 0.7626953125 0.3 0.05322265625 0.09038461538461538
1 0.456787109375 0.3019230769230769 0.0478515625 0.08846153846153847
11 0.157470703125 0.3942307692307692 0.04052734375 0.07692307692307693