1 0.05564784053156146 0.5061111111111111 0.11129568106312292 0.058888888888888886
17 0.07308970099667775 0.6472222222222223 0.1345514950166113 0.06888888888888889
11 0.3787375415282392 0.4572222222222222 0.22259136212624583 0.06444444444444444
11 0.38205980066445183 0.37722222222222224 0.2009966777408638 0.06333333333333334
11 0.6976744186046512 0.6266666666666667 0.2009966777408638 0.06333333333333334
11 0.686046511627907 0.5477777777777778 0.2159468438538206 0.07222222222222222
0 0.6943521594684385 0.43222222222222223 0.2159468438538206 0.1111111111111111
16 0.9401993355481728 0.595 0.11627906976744186 0.07888888888888888
16 0.9327242524916943 0.4911111111111111 0.11295681063122924 0.07333333333333333
16 0.9285714285714286 0.3861111111111111 0.11627906976744186 0.07444444444444444
6 0.39700996677740863 0.6311111111111111 0.24916943521594684 0.06666666666666667
10 0.02823920265780731 0.3877777777777778 0.05647840531561462 0.06888888888888889
8 0.3853820598006645 0.5455555555555556 0.20764119601328904 0.07777777777777778