1 0.05647840531561462 0.5222222222222223 0.11295681063122924 0.06222222222222222
17 0.08554817275747509 0.6622222222222223 0.13953488372093023 0.07333333333333333
11 0.3754152823920266 0.46166666666666667 0.22591362126245848 0.07111111111111111
11 0.3729235880398671 0.38166666666666665 0.20431893687707642 0.07
11 0.707641196013289 0.6194444444444445 0.20431893687707642 0.07
11 0.6893687707641196 0.5411111111111111 0.22093023255813954 0.08
0 0.6885382059800664 0.4255555555555556 0.22425249169435216 0.11888888888888889
16 0.9418604651162791 0.5794444444444444 0.11295681063122924 0.08333333333333333
16 0.9310631229235881 0.4761111111111111 0.11794019933554817 0.07777777777777778
16 0.9194352159468439 0.3711111111111111 0.1212624584717608 0.07888888888888888
6 0.40780730897009965 0.635 0.25249169435215946 0.07555555555555556
10 0.02574750830564784 0.40444444444444444 0.05149501661129568 0.07111111111111111
8 0.38870431893687707 0.5494444444444444 0.21262458471760798 0.08444444444444445