1 0.41029900332225916 0.1688888888888889 0.1212624584717608 0.15444444444444444
17 0.20348837209302326 0.19666666666666666 0.14451827242524917 0.18444444444444444
11 0.5440199335548173 0.41333333333333333 0.12790697674418605 0.15555555555555556
11 0.6627906976744186 0.4027777777777778 0.12458471760797342 0.1411111111111111
11 0.3438538205980066 0.6505555555555556 0.12458471760797342 0.1411111111111111
11 0.4584717607973422 0.6305555555555555 0.13953488372093023 0.15222222222222223
0 0.6303986710963455 0.6177777777777778 0.19601328903654486 0.15888888888888889
16 0.42857142857142855 0.8083333333333333 0.132890365448505 0.09333333333333334
16 0.5805647840531561 0.7844444444444445 0.12458471760797342 0.08555555555555555
16 0.7350498338870431 0.7655555555555555 0.12790697674418605 0.08777777777777777
16 0.457641196013289 0.9188888888888889 0.13122923588039867 0.09444444444444444
16 0.6154485049833887 0.8977777777777778 0.13122923588039867 0.09111111111111111
16 0.7740863787375415 0.88 0.13953488372093023 0.09555555555555556
6 0.2898671096345515 0.4527777777777778 0.1362126245847176 0.17333333333333334
10 0.5838870431893688 0.14333333333333334 0.1212624584717608 0.1
8 0.4152823920265781 0.4311111111111111 0.1461794019933555 0.14777777777777779