0 0.397 0.6384892086330936 0.104 0.27697841726618705
0 0.252 0.6816546762589928 0.106 0.27697841726618705
11 0.3905 0.3830935251798561 0.092 0.1618705035971223
11 0.2465 0.4262589928057554 0.093 0.15827338129496402
11 0.384 0.18525179856115107 0.09 0.15467625899280577
11 0.2425 0.22661870503597123 0.093 0.1618705035971223
5 0.6695 0.5773381294964028 0.268 0.3057553956834532
16 0.138 0.8812949640287769 0.055 0.19784172661870503
16 0.0585 0.8992805755395683 0.055 0.19424460431654678
16 0.132 0.5863309352517986 0.056 0.19784172661870503
16 0.0535 0.6133093525179856 0.054 0.19784172661870503
16 0.1255 0.29676258992805754 0.053 0.1906474820143885
16 0.5085 0.16906474820143885 0.052 0.16906474820143885
4 0.94 0.420863309352518 0.071 0.2589928057553957
4 0.9255 0.10251798561151079 0.071 0.20503597122302158
3 0.776 0.12589928057553956 0.13 0.2517985611510791
8 0.597 0.10251798561151079 0.096 0.20503597122302158
10 0.0465 0.29676258992805754 0.062 0.17625899280575538