11 0.06416666666666666 0.10559006211180125 0.09833333333333333 0.2111801242236025
11 0.47375 0.5978260869565217 0.0925 0.20496894409937888
11 0.5958333333333333 0.7003105590062112 0.0925 0.2080745341614907
11 0.4608333333333333 0.8059006211180124 0.09083333333333334 0.20186335403726707
11 0.5820833333333333 0.9021739130434783 0.09083333333333334 0.18944099378881987
16 0.8766666666666667 0.5279503105590062 0.06166666666666667 0.22981366459627328
16 0.9558333333333333 0.59472049689441 0.06333333333333334 0.22981366459627328
16 0.8595833333333334 0.796583850931677 0.06333333333333334 0.2360248447204969
16 0.93875 0.8633540372670807 0.06166666666666667 0.22981366459627328
4 0.04875 0.36801242236024845 0.08333333333333333 0.3105590062111801
0 0.7445833333333334 0.5062111801242236 0.12583333333333332 0.3695652173913043
11 0.7275 0.7981366459627329 0.10166666666666667 0.2360248447204969
17 0.18416666666666667 0.5636645962732919 0.12666666666666668 0.2515527950310559
1 0.32708333333333334 0.703416149068323 0.10666666666666667 0.21739130434782608
12 0.7133333333333334 0.9782608695652174 0.06833333333333333 0.037267080745341616