11 0.04708333333333333 0.5232919254658385 0.09416666666666666 0.2080745341614907
11 0.05541666666666667 0.7360248447204969 0.09583333333333334 0.20186335403726707
11 0.48541666666666666 0.6273291925465838 0.09166666666666666 0.18633540372670807
11 0.60875 0.5527950310559007 0.09166666666666666 0.18944099378881987
11 0.4945833333333333 0.8385093167701864 0.08916666666666667 0.18012422360248448
11 0.6175 0.7670807453416149 0.08833333333333333 0.18633540372670807
16 0.8525 0.055900621118012424 0.06 0.11180124223602485
16 0.9325 0.031055900621118012 0.06166666666666667 0.062111801242236024
16 0.8633333333333333 0.2732919254658385 0.06 0.2236024844720497
16 0.9433333333333334 0.2236024844720497 0.059166666666666666 0.2204968944099379
16 0.955 0.4984472049689441 0.059166666666666666 0.21739130434782608
4 0.06833333333333333 0.9285714285714286 0.08 0.13664596273291926
0 0.7275 0.16925465838509315 0.12333333333333334 0.3385093167701863
11 0.7408333333333333 0.4580745341614907 0.1 0.21428571428571427
17 0.21375 0.9409937888198758 0.12583333333333332 0.11180124223602485
1 0.36041666666666666 0.9145962732919255 0.10583333333333333 0.16459627329192547
12 0.75125 0.6940993788819876 0.06666666666666667 0.12732919254658384
10 0.8770833333333333 0.5822981366459627 0.06583333333333333 0.20496894409937888