4 0.17135258358662614 0.255 0.041033434650455926 0.04625
0 0.15919452887537994 0.3475 0.06231003039513678 0.078125
11 0.12272036474164134 0.3559375 0.037993920972644375 0.06125
11 0.0946048632218845 0.3603125 0.04179331306990881 0.06375
11 0.15463525835866263 0.16625 0.03723404255319149 0.063125
11 0.18085106382978725 0.1596875 0.03951367781155015 0.0625
16 0.08358662613981763 0.50875 0.044072948328267476 0.036875
16 0.11816109422492402 0.5025 0.04331306990881459 0.040625
16 0.15691489361702127 0.4959375 0.04331306990881459 0.038125
11 0.10258358662613981 0.27 0.03951367781155015 0.06375
11 0.1310790273556231 0.263125 0.041033434650455926 0.06625
15 0.17401215805471124 0.0309375 0.04559270516717325 0.061875
1 0.1094224924012158 0.1759375 0.0425531914893617 0.0725
17 0.12196048632218845 0.045625 0.04179331306990881 0.08125