4 0.09840425531914894 0.345 0.03723404255319149 0.044375
0 0.1196808510638298 0.4359375 0.05547112462006079 0.075625
11 0.08776595744680851 0.453125 0.03267477203647416 0.06
11 0.06268996960486323 0.4640625 0.03571428571428571 0.0625
11 0.051291793313069906 0.26375 0.03115501519756839 0.0625
11 0.07408814589665653 0.25125 0.03343465045592705 0.06125
16 0.10524316109422492 0.60875 0.041033434650455926 0.035
16 0.1356382978723404 0.594375 0.04027355623100304 0.03875
16 0.17059270516717326 0.57875 0.04027355623100304 0.03625
11 0.03837386018237082 0.375625 0.03343465045592705 0.0625
11 0.06306990881458967 0.3621875 0.03419452887537994 0.065
15 0.01937689969604863 0.1240625 0.037993920972644375 0.0725
1 0.014817629179331307 0.2840625 0.029635258358662615 0.071875