4 0.9213525835866262 0.61375 0.0425531914893617 0.046875
0 0.8867781155015197 0.5253125 0.06458966565349544 0.07875
11 0.916033434650456 0.5053125 0.04027355623100304 0.06125
11 0.9395896656534954 0.491875 0.044072948328267476 0.064375
11 0.9798632218844985 0.689375 0.03875379939209726 0.06375
11 0.959726443768997 0.704375 0.041033434650455926 0.0625
16 0.8757598784194529 0.3525 0.044832826747720364 0.038125
16 0.8476443768996961 0.37 0.044832826747720364 0.04125
16 0.8153495440729484 0.38875 0.044832826747720364 0.03875
11 0.976823708206687 0.5771875 0.04179331306990881 0.06375
11 0.9544072948328267 0.593125 0.04331306990881459 0.06625