4 0.04183673469387755 0.09456521739130434 0.02142857142857143 0.05652173913043478
4 0.037244897959183676 0.16847826086956522 0.02142857142857143 0.05652173913043478
15 0.05714285714285714 0.23695652173913043 0.0336734693877551 0.06739130434782609
5 0.0913265306122449 0.18478260869565216 0.07653061224489796 0.13478260869565217
16 0.22857142857142856 0.375 0.02346938775510204 0.05217391304347826
16 0.24897959183673468 0.4076086956521739 0.024489795918367346 0.05
16 0.2239795918367347 0.4315217391304348 0.02346938775510204 0.05217391304347826
16 0.24336734693877551 0.4641304347826087 0.022448979591836733 0.05
16 0.2193877551020408 0.48695652173913045 0.02346938775510204 0.05217391304347826
16 0.23775510204081632 0.5195652173913043 0.026530612244897958 0.05217391304347826
0 0.1989795918367347 0.34456521739130436 0.036734693877551024 0.08260869565217391
11 0.19744897959183674 0.4043478260869565 0.02959183673469388 0.06739130434782609
11 0.1933673469387755 0.44782608695652176 0.02959183673469388 0.06739130434782609
11 0.16377551020408163 0.34891304347826085 0.02959183673469388 0.05652173913043478
11 0.16071428571428573 0.391304347826087 0.02857142857142857 0.058695652173913045
6 0.12908163265306122 0.35108695652173916 0.04183673469387755 0.07391304347826087
16 0.09591836734693877 0.3 0.02040816326530612 0.05
8 0.1663265306122449 0.29891304347826086 0.02959183673469388 0.06304347826086956