4 0.9612244897959183 0.8880434782608696 0.02142857142857143 0.05652173913043478
4 0.9658163265306122 0.8141304347826087 0.02142857142857143 0.05652173913043478
15 0.9448979591836735 0.7467391304347826 0.0326530612244898 0.06739130434782609
5 0.9112244897959184 0.8 0.07551020408163266 0.13260869565217392
16 0.7724489795918368 0.6152173913043478 0.022448979591836733 0.05
16 0.7515306122448979 0.5836956521739131 0.024489795918367346 0.05
16 0.7765306122448979 0.5576086956521739 0.02346938775510204 0.05217391304347826
16 0.7571428571428571 0.5271739130434783 0.02142857142857143 0.05
16 0.7806122448979592 0.5021739130434782 0.022448979591836733 0.05
16 0.761734693877551 0.4706521739130435 0.025510204081632654 0.05217391304347826
0 0.8025510204081633 0.6445652173913043 0.036734693877551024 0.08043478260869565
11 0.8030612244897959 0.5847826086956521 0.02959183673469388 0.06739130434782609
11 0.8071428571428572 0.5413043478260869 0.02959183673469388 0.06739130434782609
11 0.8372448979591837 0.6380434782608696 0.02959183673469388 0.05434782608695652
11 0.8397959183673469 0.5967391304347827 0.02857142857142857 0.058695652173913045
6 0.8724489795918368 0.6358695652173914 0.04081632653061224 0.07173913043478261
16 0.9056122448979592 0.6847826086956522 0.02040816326530612 0.05
8 0.835204081632653 0.6891304347826087 0.02959183673469388 0.06086956521739131