0 0.7299794661190965 0.3565 0.09034907597535935 0.043
16 0.8326488706365504 0.313 0.053388090349075976 0.031
16 0.7751540041067762 0.313 0.053388090349075976 0.031
16 0.7176591375770021 0.3115 0.055441478439425054 0.033
16 0.8357289527720739 0.284 0.053388090349075976 0.031
16 0.7792607802874744 0.28 0.053388090349075976 0.028
16 0.7227926078028748 0.277 0.055441478439425054 0.026
11 0.8367556468172485 0.4135 0.03490759753593429 0.038
11 0.8439425051334702 0.3605 0.039014373716632446 0.031
11 0.7905544147843943 0.4155 0.03490759753593429 0.039
11 0.797741273100616 0.361 0.03490759753593429 0.032
2 0.7012320328542094 0.847 0.1437371663244353 0.054
4 0.37782340862423 0.22 0.04722792607802875 0.026
13 0.7299794661190965 0.2285 0.13141683778234087 0.029
13 0.5184804928131417 0.2245 0.1293634496919918 0.033
8 0.7402464065708418 0.412 0.04106776180698152 0.041