0 0.23613963039014374 0.371 0.09856262833675565 0.048
16 0.1601642710472279 0.3165 0.06981519507186858 0.029
16 0.15195071868583163 0.344 0.06981519507186858 0.029
16 0.14168377823408623 0.372 0.07392197125256673 0.03
16 0.10061601642710473 0.3115 0.06981519507186858 0.029
16 0.08521560574948665 0.338 0.06365503080082136 0.029
16 0.07186858316221766 0.3655 0.059548254620123205 0.03
11 0.364476386036961 0.327 0.08008213552361396 0.021
11 0.25770020533880905 0.3165 0.06570841889117043 0.022
11 0.3624229979466119 0.349 0.08213552361396304 0.021
11 0.25256673511293637 0.339 0.06776180698151951 0.02
8 0.35010266940451745 0.3735 0.08829568788501027 0.025