0 0.24537987679671458 0.633 0.09650924024640657 0.046
16 0.13552361396303902 0.672 0.057494866529774126 0.033
16 0.1919917864476386 0.675 0.057494866529774126 0.033
16 0.24948665297741274 0.679 0.059548254620123205 0.035
16 0.12628336755646818 0.701 0.057494866529774126 0.033
16 0.18172484599589322 0.7075 0.059548254620123205 0.03
16 0.23819301848049282 0.713 0.059548254620123205 0.028
11 0.14989733059548255 0.572 0.04106776180698152 0.039
11 0.1324435318275154 0.6245 0.043121149897330596 0.032
11 0.19507186858316222 0.572 0.04106776180698152 0.04
11 0.17864476386036962 0.626 0.039014373716632446 0.033
2 0.3613963039014374 0.1455 0.14989733059548255 0.06
4 0.5718685831622177 0.784 0.0513347022587269 0.028
13 0.22279260780287474 0.7605 0.13552361396303902 0.035
13 0.4322381930184805 0.7735 0.13552361396303902 0.038
8 0.24537987679671458 0.5775 0.04722792607802875 0.042