16 0.391025641025641 0.8777777777777778 0.09188034188034189 0.05555555555555555
16 0.5149572649572649 0.8716666666666667 0.08974358974358974 0.051111111111111114
16 0.2799145299145299 0.9566666666666667 0.09188034188034189 0.05333333333333334
16 0.40384615384615385 0.9477777777777778 0.09188034188034189 0.052222222222222225
16 0.5277777777777778 0.9422222222222222 0.08974358974358974 0.052222222222222225
11 0.21367521367521367 0.7738888888888888 0.07692307692307693 0.08
11 0.3108974358974359 0.765 0.07692307692307693 0.08
0 0.34294871794871795 0.275 0.14102564102564102 0.09777777777777778
1 0.17094017094017094 0.5972222222222222 0.08333333333333333 0.09222222222222222
1 0.19230769230769232 0.14722222222222223 0.07478632478632478 0.08
1 0.28846153846153844 0.1411111111111111 0.07478632478632478 0.07888888888888888
1 0.1111111111111111 0.285 0.07692307692307693 0.07666666666666666
1 0.20726495726495728 0.2838888888888889 0.07905982905982906 0.08
13 0.3782051282051282 0.5905555555555555 0.12179487179487179 0.15333333333333332
10 0.25 0.8872222222222222 0.0876068376068376 0.056666666666666664
11 0.28739316239316237 0.4116666666666667 0.07692307692307693 0.0811111111111111
11 0.3856837606837607 0.4077777777777778 0.0811965811965812 0.08
6 0.1014957264957265 0.15388888888888888 0.07478632478632478 0.10222222222222223