16 0.2905982905982906 0.8666666666666667 0.08547008547008547 0.052222222222222225
16 0.4155982905982906 0.8694444444444445 0.08333333333333333 0.04777777777777778
16 0.15918803418803418 0.9361111111111111 0.0876068376068376 0.05
16 0.2841880341880342 0.9361111111111111 0.08547008547008547 0.04888888888888889
16 0.4091880341880342 0.94 0.08333333333333333 0.04888888888888889
11 0.14316239316239315 0.7505555555555555 0.06623931623931624 0.07777777777777778
11 0.24145299145299146 0.7488888888888889 0.06623931623931624 0.07777777777777778
0 0.4049145299145299 0.26611111111111113 0.13034188034188035 0.09333333333333334
1 0.14743589743589744 0.5727777777777778 0.07264957264957266 0.09
1 0.28952991452991456 0.12833333333333333 0.0641025641025641 0.07777777777777778
1 0.38675213675213677 0.12944444444444445 0.0641025641025641 0.07666666666666666
1 0.172008547008547 0.2588888888888889 0.06623931623931624 0.07444444444444444
1 0.26816239316239315 0.2644444444444444 0.06837606837606838 0.07777777777777778
13 0.3557692307692308 0.5805555555555556 0.10256410256410256 0.15
10 0.1485042735042735 0.8655555555555555 0.0811965811965812 0.05333333333333334
11 0.31303418803418803 0.3972222222222222 0.06623931623931624 0.07888888888888888
11 0.4113247863247863 0.40055555555555555 0.07051282051282051 0.07777777777777778
6 0.19764957264957264 0.12833333333333333 0.06196581196581197 0.10111111111111111