0 0.5649122807017544 0.40625 0.09649122807017543 0.275
0 0.7008771929824561 0.45 0.09649122807017543 0.2875
16 0.8833333333333333 0.415625 0.05964912280701754 0.20625
16 0.9587719298245614 0.440625 0.056140350877192984 0.2
16 0.875438596491228 0.665625 0.05789473684210526 0.1875
16 0.9517543859649122 0.690625 0.05789473684210526 0.20625
16 0.868421052631579 0.903125 0.06315789473684211 0.18125
16 0.9456140350877194 0.9125 0.06315789473684211 0.1625
11 0.5570175438596491 0.659375 0.08421052631578947 0.15
11 0.5508771929824562 0.85625 0.08947368421052632 0.1625
11 0.7 0.715625 0.08070175438596491 0.14375
11 0.6912280701754386 0.903125 0.08421052631578947 0.1625
11 0.43859649122807015 0.203125 0.08771929824561403 0.15625
11 0.4324561403508772 0.39375 0.08947368421052632 0.16875
11 0.2964912280701754 0.3375 0.08771929824561403 0.15625
11 0.2894736842105263 0.51875 0.08421052631578947 0.16875
16 0.18070175438596492 0.278125 0.05087719298245614 0.18125
4 0.07719298245614035 0.275 0.07017543859649122 0.24375
4 0.06842105263157895 0.615625 0.07192982456140351 0.25
6 0.42280701754385963 0.790625 0.10526315789473684 0.1875
6 0.28157894736842104 0.74375 0.10701754385964912 0.175
8 0.4245614035087719 0.603125 0.08596491228070176 0.20625
10 0.17017543859649123 0.659375 0.05789473684210526 0.16875