16 0.51875 0.5125 0.03 0.0275
16 0.519375 0.474375 0.02875 0.02375
16 0.55125 0.5125 0.0325 0.02875
16 0.55 0.475 0.02875 0.02625
16 0.5825 0.5125 0.02875 0.02625
16 0.58 0.475625 0.02625 0.025
16 0.5975 0.8675 0.02875 0.02875
4 0.551875 0.92875 0.03625 0.0325
4 0.595625 0.918125 0.03125 0.035
5 0.539375 0.796875 0.04875 0.135
3 0.593125 0.726875 0.05375 0.10375
0 0.531875 0.573125 0.04375 0.05875
11 0.566875 0.57125 0.0225 0.045
11 0.59 0.57 0.025 0.045
11 0.566875 0.64 0.025 0.04375
11 0.591875 0.63625 0.02125 0.0425
8 0.540625 0.643125 0.025 0.04125
10 0.5925 0.820625 0.025 0.02875