16 0.484375 0.516875 0.0275 0.03125
16 0.521875 0.52375 0.025 0.03
16 0.47875 0.548125 0.02875 0.03375
16 0.515625 0.55375 0.0275 0.03
16 0.47375 0.57875 0.0275 0.03
16 0.51 0.5825 0.02625 0.0275
16 0.12125 0.5325 0.03 0.03
4 0.06875 0.476875 0.03375 0.03625
4 0.071875 0.521875 0.035 0.0325
5 0.200625 0.4875 0.13625 0.05375
3 0.260625 0.551875 0.105 0.05625
0 0.4225 0.51875 0.06 0.04625
11 0.418125 0.55375 0.045 0.025
11 0.415 0.576875 0.04625 0.0275
11 0.350625 0.54125 0.045 0.02625
11 0.35 0.56625 0.0425 0.0225
8 0.351875 0.515 0.0425 0.02625
10 0.168125 0.535625 0.03 0.02625