16 0.4825 0.514375 0.03125 0.03375
16 0.51875 0.52625 0.02875 0.0325
16 0.471875 0.544375 0.0325 0.03625
16 0.508125 0.555625 0.03125 0.0325
16 0.4625 0.574375 0.03125 0.0325
16 0.49875 0.583125 0.02875 0.03
16 0.120625 0.479375 0.03375 0.03375
4 0.07625 0.416875 0.0375 0.04
4 0.0725 0.461875 0.03875 0.03625
5 0.205625 0.445625 0.13875 0.07125
3 0.255625 0.518125 0.11 0.06875
0 0.420625 0.508125 0.06375 0.0525
11 0.411875 0.541875 0.0475 0.03
11 0.405625 0.56375 0.0475 0.0325
11 0.34625 0.52 0.04625 0.0325
11 0.341875 0.545 0.045 0.02875
8 0.35125 0.494375 0.04375 0.03125
10 0.16625 0.48875 0.0325 0.03