0 0.701867816091954 0.4330188679245283 0.06465517241379311 0.09433962264150944
11 0.8045977011494253 0.3160377358490566 0.035919540229885055 0.08867924528301886
11 0.7658045977011494 0.30849056603773584 0.040229885057471264 0.09056603773584905
11 0.7277298850574713 0.30283018867924527 0.04310344827586207 0.09056603773584905
11 0.6910919540229885 0.2962264150943396 0.03735632183908046 0.08679245283018867
11 0.7916666666666666 0.45 0.03735632183908046 0.0830188679245283
11 0.7564655172413793 0.44056603773584907 0.03735632183908046 0.08490566037735849
11 0.7485632183908046 0.8490566037735849 0.03735632183908046 0.08490566037735849
11 0.7112068965517241 0.8433962264150944 0.03735632183908046 0.08867924528301886
11 0.7241379310344828 0.7113207547169811 0.034482758620689655 0.0830188679245283
11 0.7406609195402298 0.5745283018867925 0.034482758620689655 0.08490566037735849
11 0.5775862068965517 0.3179245283018868 0.03735632183908046 0.0830188679245283
11 0.5387931034482759 0.3113207547169811 0.034482758620689655 0.0830188679245283
11 0.5014367816091954 0.30283018867924527 0.040229885057471264 0.08490566037735849
11 0.46479885057471265 0.2981132075471698 0.040229885057471264 0.08490566037735849
11 0.34123563218390807 0.34150943396226413 0.04310344827586207 0.08113207547169811
11 0.34195402298850575 0.4641509433962264 0.041666666666666664 0.07547169811320754
11 0.3031609195402299 0.45754716981132076 0.040229885057471264 0.07547169811320754
11 0.3031609195402299 0.3311320754716981 0.041666666666666664 0.08113207547169811
0 0.2521551724137931 0.32358490566037734 0.06465517241379311 0.0830188679245283
0 0.2492816091954023 0.4481132075471698 0.06321839080459771 0.08113207547169811
1 0.7974137931034483 0.19245283018867926 0.07758620689655173 0.052830188679245285
1 0.5632183908045977 0.19339622641509435 0.07758620689655173 0.052830188679245285
1 0.319683908045977 0.22830188679245284 0.07902298850574713 0.0509433962264151
16 0.7270114942528736 0.9509433962264151 0.04454022988505747 0.05660377358490566
16 0.6745689655172413 0.9424528301886792 0.041666666666666664 0.052830188679245285
16 0.6271551724137931 0.9339622641509434 0.04310344827586207 0.05471698113207547
16 0.548132183908046 0.5745283018867925 0.041666666666666664 0.0509433962264151
16 0.4992816091954023 0.5669811320754717 0.041666666666666664 0.0509433962264151
16 0.4482758620689655 0.5566037735849056 0.03879310344827586 0.0509433962264151
16 0.3275862068965517 0.5801886792452831 0.04310344827586207 0.05471698113207547
16 0.27729885057471265 0.5726415094339623 0.04310344827586207 0.05471698113207547
16 0.22916666666666666 0.5641509433962264 0.04310344827586207 0.052830188679245285
11 0.5294540229885057 0.44622641509433963 0.034482758620689655 0.08490566037735849
12 0.5704022988505747 0.4537735849056604 0.022988505747126436 0.06037735849056604
0 0.47701149425287354 0.4377358490566038 0.0617816091954023 0.09433962264150944
12 0.7808908045977011 0.5830188679245283 0.031609195402298854 0.07169811320754717
12 0.7665229885057471 0.7169811320754716 0.031609195402298854 0.07169811320754717