0 0.5948275862068966 0.7424528301886792 0.06896551724137931 0.08113207547169811
11 0.7047413793103449 0.8490566037735849 0.06609195402298851 0.04339622641509434
11 0.7011494252873564 0.7971698113207547 0.06752873563218391 0.04905660377358491
11 0.6975574712643678 0.7471698113207547 0.06752873563218391 0.052830188679245285
11 0.6939655172413793 0.6981132075471698 0.06609195402298851 0.045283018867924525
11 0.6027298850574713 0.8622641509433963 0.06321839080459771 0.045283018867924525
11 0.6020114942528736 0.8150943396226416 0.06465517241379311 0.045283018867924525
11 0.2974137931034483 0.8962264150943396 0.06465517241379311 0.045283018867924525
11 0.29238505747126436 0.8481132075471698 0.06752873563218391 0.045283018867924525
11 0.3936781609195402 0.8339622641509434 0.0617816091954023 0.04150943396226415
11 0.4985632183908046 0.8245283018867925 0.06321839080459771 0.04150943396226415
11 0.6522988505747126 0.5584905660377358 0.06321839080459771 0.045283018867924525
11 0.6487068965517241 0.5075471698113208 0.0617816091954023 0.04150943396226415
11 0.646551724137931 0.45754716981132076 0.06321839080459771 0.04905660377358491
11 0.6415229885057471 0.40943396226415096 0.06321839080459771 0.04905660377358491
11 0.5818965517241379 0.26132075471698113 0.0603448275862069 0.052830188679245285
11 0.49137931034482757 0.28962264150943395 0.05603448275862069 0.0509433962264151
11 0.4870689655172414 0.23867924528301887 0.05603448275862069 0.04905660377358491
11 0.5811781609195402 0.21037735849056605 0.0603448275862069 0.0509433962264151
0 0.5747126436781609 0.14245283018867924 0.0603448275862069 0.08113207547169811
0 0.48204022988505746 0.16792452830188678 0.05890804597701149 0.07924528301886792
1 0.7945402298850575 0.8113207547169812 0.035919540229885055 0.1018867924528302
1 0.7413793103448276 0.5122641509433963 0.035919540229885055 0.1018867924528302
1 0.6609195402298851 0.20754716981132076 0.035919540229885055 0.10377358490566038
16 0.21695402298850575 0.8915094339622641 0.040229885057471264 0.05660377358490566
16 0.21048850574712644 0.8226415094339623 0.03879310344827586 0.052830188679245285
16 0.20617816091954022 0.7603773584905661 0.03879310344827586 0.05471698113207547
16 0.45545977011494254 0.5783018867924529 0.03735632183908046 0.052830188679245285
16 0.4504310344827586 0.5141509433962265 0.03735632183908046 0.052830188679245285
16 0.4468390804597701 0.44622641509433963 0.03735632183908046 0.04905660377358491
16 0.4015804597701149 0.2971698113207547 0.03879310344827586 0.05471698113207547
16 0.39655172413793105 0.23113207547169812 0.03879310344827586 0.05471698113207547
16 0.3915229885057471 0.16792452830188678 0.03735632183908046 0.05471698113207547
11 0.5466954022988506 0.5254716981132076 0.06321839080459771 0.04150943396226415
12 0.5502873563218391 0.5792452830188679 0.04597701149425287 0.02830188679245283
0 0.540948275862069 0.45660377358490567 0.06896551724137931 0.07735849056603773
12 0.5014367816091954 0.8773584905660378 0.05316091954022988 0.03773584905660377
12 0.39870689655172414 0.8896226415094339 0.05316091954022988 0.03773584905660377