0 0.5847701149425287 0.7490566037735849 0.06609195402298851 0.07735849056603773
11 0.6910919540229885 0.8622641509433963 0.06609195402298851 0.03962264150943396
11 0.6896551724137931 0.810377358490566 0.06609195402298851 0.045283018867924525
11 0.6875 0.7603773584905661 0.06609195402298851 0.04905660377358491
11 0.6860632183908046 0.7113207547169811 0.06465517241379311 0.04150943396226415
11 0.5883620689655172 0.8688679245283019 0.0617816091954023 0.03962264150943396
11 0.5890804597701149 0.8216981132075472 0.06321839080459771 0.03962264150943396
11 0.28160919540229884 0.8820754716981132 0.06321839080459771 0.03962264150943396
11 0.27873563218390807 0.8330188679245283 0.06609195402298851 0.04150943396226415
11 0.3807471264367816 0.8264150943396227 0.0617816091954023 0.035849056603773584
11 0.48563218390804597 0.8245283018867925 0.06321839080459771 0.035849056603773584
11 0.6501436781609196 0.5688679245283019 0.0617816091954023 0.03962264150943396
11 0.6487068965517241 0.5179245283018868 0.0617816091954023 0.035849056603773584
11 0.6479885057471264 0.4679245283018868 0.0617816091954023 0.04339622641509434
11 0.6451149425287356 0.419811320754717 0.0617816091954023 0.04339622641509434
11 0.5912356321839081 0.2669811320754717 0.05890804597701149 0.04905660377358491
11 0.4992816091954023 0.28962264150943395 0.05459770114942529 0.04716981132075472
11 0.49712643678160917 0.23773584905660378 0.05459770114942529 0.045283018867924525
11 0.5926724137931034 0.2160377358490566 0.05890804597701149 0.04716981132075472
0 0.5890804597701149 0.1481132075471698 0.05747126436781609 0.07735849056603773
0 0.4956896551724138 0.1669811320754717 0.05603448275862069 0.07547169811320754
1 0.7823275862068966 0.8320754716981132 0.033045977011494254 0.1
1 0.7406609195402298 0.5283018867924528 0.033045977011494254 0.1
1 0.6724137931034483 0.2188679245283019 0.031609195402298854 0.1018867924528302
16 0.20114942528735633 0.8716981132075472 0.03879310344827586 0.05471698113207547
16 0.19827586206896552 0.8028301886792453 0.03735632183908046 0.0509433962264151
16 0.1968390804597701 0.7396226415094339 0.03735632183908046 0.052830188679245285
16 0.4525862068965517 0.5745283018867925 0.035919540229885055 0.0509433962264151
16 0.44971264367816094 0.5103773584905661 0.035919540229885055 0.0509433962264151
16 0.4489942528735632 0.44245283018867926 0.035919540229885055 0.04716981132075472
16 0.40948275862068967 0.29056603773584905 0.03735632183908046 0.052830188679245285
16 0.4073275862068966 0.22452830188679246 0.03735632183908046 0.052830188679245285
16 0.40445402298850575 0.16037735849056603 0.035919540229885055 0.052830188679245285
11 0.5452586206896551 0.529245283018868 0.06321839080459771 0.035849056603773584
12 0.5466954022988506 0.5830188679245283 0.04454022988505747 0.024528301886792454
0 0.5431034482758621 0.45943396226415095 0.06609195402298851 0.07358490566037736
12 0.4863505747126437 0.8773584905660378 0.05316091954022988 0.033962264150943396
12 0.38362068965517243 0.8820754716981132 0.05316091954022988 0.033962264150943396