0 0.58125 0.49916666666666665 0.023125 0.0275
11 0.6815625 0.5029166666666667 0.0225 0.02
11 0.6825 0.48625 0.02125 0.021666666666666667
2 0.261875 0.41333333333333333 0.035625 0.0575
11 0.5834375 0.4795833333333333 0.021875 0.0175
11 0.5840625 0.46208333333333335 0.023125 0.02
3 0.646875 0.5104166666666666 0.03 0.024166666666666666
3 0.6484375 0.47791666666666666 0.0325 0.030833333333333334
15 0.723125 0.495 0.0275 0.025833333333333333
4 0.75625 0.5329166666666667 0.01875 0.025833333333333333
4 0.7571875 0.5066666666666667 0.0175 0.023333333333333334
3 0.4715625 0.4945833333333333 0.030625 0.03333333333333333
3 0.4740625 0.4625 0.03 0.029166666666666667
16 0.6084375 0.5175 0.014375 0.018333333333333333
16 0.61 0.495 0.01375 0.018333333333333333
16 0.6121875 0.47291666666666665 0.01375 0.018333333333333333