0 0.419375 0.5104166666666666 0.021875 0.025
11 0.3190625 0.5183333333333333 0.02125 0.0175
11 0.3190625 0.535 0.02 0.019166666666666665
2 0.7428125 0.55875 0.0325 0.05416666666666667
11 0.418125 0.53 0.02125 0.015
11 0.41875 0.5475 0.021875 0.0175
3 0.353125 0.5066666666666667 0.02875 0.020833333333333332
3 0.3534375 0.5395833333333333 0.03125 0.0275
15 0.278125 0.5308333333333334 0.026875 0.023333333333333334
4 0.2428125 0.4970833333333333 0.0175 0.024166666666666666
4 0.2434375 0.5233333333333333 0.016875 0.021666666666666667
3 0.52875 0.5020833333333333 0.02875 0.030833333333333334
3 0.528125 0.5345833333333333 0.02875 0.025833333333333333
16 0.3909375 0.49541666666666667 0.013125 0.016666666666666666
16 0.390625 0.5179166666666667 0.0125 0.016666666666666666
16 0.39 0.54 0.0125 0.016666666666666666