0 0.419375 0.4895833333333333 0.024375 0.03
11 0.3196875 0.4716666666666667 0.023125 0.0225
11 0.3171875 0.48833333333333334 0.021875 0.023333333333333334
2 0.73 0.6191666666666666 0.03875 0.06
11 0.4153125 0.50875 0.0225 0.02
11 0.4134375 0.52625 0.02375 0.0225
3 0.3546875 0.4691666666666667 0.030625 0.0275
3 0.350625 0.50125 0.03375 0.034166666666666665
15 0.2778125 0.47375 0.02875 0.029166666666666667
4 0.2478125 0.43166666666666664 0.02 0.0275
4 0.245 0.4575 0.01875 0.025
3 0.5278125 0.5095833333333334 0.031875 0.03666666666666667
3 0.5228125 0.5408333333333334 0.03125 0.03166666666666667
16 0.39375 0.4675 0.015 0.02
16 0.39 0.4895833333333333 0.014375 0.019166666666666665
16 0.3865625 0.51125 0.014375 0.019166666666666665