11 0.1796875 0.5204978038067349 0.0654296875 0.0527086383601757
11 0.1923828125 0.5673499267935578 0.0625 0.048316251830161056
11 0.20361328125 0.6112737920937042 0.0634765625 0.04685212298682284
11 0.21240234375 0.6551976573938506 0.0595703125 0.043923865300146414
11 0.33349609375 0.5065885797950219 0.0625 0.04685212298682284
11 0.3408203125 0.5490483162518301 0.060546875 0.04685212298682284
11 0.5947265625 0.4985358711566618 0.0595703125 0.04685212298682284
11 0.59814453125 0.5387994143484627 0.0576171875 0.04538799414348463
11 0.69140625 0.4677891654465593 0.060546875 0.048316251830161056
11 0.69189453125 0.5102489019033675 0.056640625 0.043923865300146414
1 0.44384765625 0.5124450951683748 0.0703125 0.048316251830161056
0 0.59130859375 0.4341142020497804 0.0751953125 0.08199121522693997
0 0.69189453125 0.4019033674963397 0.07421875 0.08199121522693997
16 0.77001953125 0.3579795021961933 0.044921875 0.06881405563689605
16 0.82275390625 0.3389458272327965 0.044921875 0.07027818448023426
16 0.76806640625 0.41874084919472915 0.044921875 0.06588579795021962
16 0.81982421875 0.4033674963396779 0.0419921875 0.0629575402635432
16 0.76611328125 0.4765739385065886 0.0400390625 0.06149341142020498
16 0.81689453125 0.46193265007320644 0.041015625 0.0629575402635432
12 0.35302734375 0.6178623718887262 0.0458984375 0.048316251830161056
12 0.453125 0.5878477306002928 0.0458984375 0.04685212298682284