11 0.81787109375 0.5636896046852123 0.0625 0.036603221083455345
11 0.810546875 0.513909224011713 0.0595703125 0.03367496339677892
11 0.8046875 0.4677891654465593 0.060546875 0.032210834553440704
11 0.80126953125 0.4216691068814056 0.056640625 0.029282576866764276
11 0.6650390625 0.5366032210834554 0.0595703125 0.032210834553440704
11 0.66259765625 0.49267935578330896 0.0576171875 0.032210834553440704
11 0.40625 0.4765739385065886 0.056640625 0.032210834553440704
11 0.40771484375 0.4363103953147877 0.0546875 0.032210834553440704
11 0.30810546875 0.4816983894582723 0.0576171875 0.03367496339677892
11 0.3125 0.43997071742313326 0.0537109375 0.03074670571010249
1 0.556640625 0.5021961932650073 0.0673828125 0.03074670571010249
0 0.40234375 0.54099560761347 0.0693359375 0.06442166910688141
0 0.2998046875 0.5468521229868228 0.068359375 0.06588579795021962
16 0.2177734375 0.5695461200585652 0.0390625 0.060029282576866766
16 0.16357421875 0.5746705710102489 0.0390625 0.06149341142020498
16 0.2265625 0.5102489019033675 0.0390625 0.05710102489019034
16 0.173828125 0.5124450951683748 0.037109375 0.055636896046852125
16 0.2353515625 0.45314787701317716 0.03515625 0.05417276720351391
16 0.18359375 0.4546120058565154 0.0361328125 0.055636896046852125
12 0.658203125 0.4216691068814056 0.0419921875 0.03806734992679356
12 0.55615234375 0.4260614934114202 0.0419921875 0.036603221083455345