0 0.22625 0.2375 0.105 0.08125
1 0.741875 0.050625 0.095 0.05
11 0.88375 0.09125 0.0825 0.04625
11 0.8775 0.038125 0.08 0.0425
11 0.35125 0.150625 0.07875 0.0425
11 0.345625 0.095625 0.0775 0.03875
14 0.533125 0.07875 0.1525 0.065
16 0.12 0.27375 0.05375 0.05375
16 0.045625 0.278125 0.05125 0.05
16 0.1125 0.20625 0.05375 0.05375
16 0.038125 0.214375 0.05125 0.05125
16 0.104375 0.138125 0.0525 0.05
16 0.0325 0.146875 0.0525 0.055
15 0.545625 0.20375 0.11125 0.0675
11 0.21875 0.164375 0.0875 0.05375
11 0.213125 0.114375 0.08625 0.05125
10 0.75125 0.1225 0.05625 0.0525