0 0.7325 0.2 0.09 0.11
1 0.970625 0.694375 0.05625 0.09875
11 0.94625 0.83875 0.05375 0.085
11 0.98625 0.8275 0.025 0.0825
11 0.831875 0.315625 0.05 0.08125
11 0.885625 0.304375 0.04625 0.08
14 0.9225 0.48875 0.08 0.155
16 0.685625 0.098125 0.0575 0.0575
16 0.67375 0.026875 0.055 0.05375
16 0.75125 0.08375 0.0575 0.0575
16 0.736875 0.019375 0.05625 0.03875
16 0.81875 0.06875 0.05375 0.05625
16 0.8025 0.01375 0.06 0.0275
15 0.799375 0.514375 0.0775 0.115
11 0.804375 0.185625 0.06125 0.09125
11 0.85375 0.174375 0.05875 0.09
10 0.901875 0.710625 0.0575 0.06