0 0.16875 0.685 0.08875 0.10875
1 0.140625 0.1375 0.0575 0.0975
11 0.221875 0.02875 0.05375 0.0575
11 0.16875 0.0225 0.05 0.045
11 0.1225 0.54 0.04875 0.08
11 0.068125 0.529375 0.045 0.08
14 0.106875 0.345 0.0775 0.15375
16 0.1725 0.7975 0.0575 0.0575
16 0.155 0.87 0.0525 0.05375
16 0.105625 0.785 0.0575 0.0575
16 0.091875 0.858125 0.05375 0.05375
16 0.038125 0.7725 0.05375 0.055
16 0.028125 0.84375 0.05625 0.0575
15 0.23 0.37 0.075 0.115
11 0.096875 0.670625 0.06 0.09125
11 0.046875 0.66125 0.0575 0.08875
10 0.2125 0.149375 0.05625 0.05875