0 0.35444444444444445 0.45135135135135135 0.04 0.036036036036036036
0 0.34555555555555556 0.5009009009009009 0.035555555555555556 0.04144144144144144
16 0.28555555555555556 0.5342342342342342 0.024444444444444446 0.023423423423423424
16 0.3211111111111111 0.5396396396396397 0.024444444444444446 0.025225225225225224
16 0.35555555555555557 0.5423423423423424 0.024444444444444446 0.021621621621621623
16 0.3466666666666667 0.5783783783783784 0.02666666666666667 0.023423423423423424
16 0.28 0.5693693693693693 0.022222222222222223 0.01981981981981982
16 0.31333333333333335 0.5738738738738739 0.024444444444444446 0.01981981981981982
11 0.3 0.44684684684684683 0.024444444444444446 0.03063063063063063
11 0.3233333333333333 0.44954954954954957 0.022222222222222223 0.032432432432432434
11 0.28888888888888886 0.4963963963963964 0.022222222222222223 0.02882882882882883
11 0.31444444444444447 0.4963963963963964 0.022222222222222223 0.03423423423423423
5 0.37555555555555553 0.37027027027027026 0.042222222222222223 0.08828828828828829
4 0.3411111111111111 0.28468468468468466 0.03333333333333333 0.02882882882882883
4 0.38333333333333336 0.2891891891891892 0.03111111111111111 0.03063063063063063
0 0.41 0.1963963963963964 0.08222222222222222 0.055855855855855854
16 0.33444444444444443 0.3216216216216216 0.024444444444444446 0.025225225225225224
16 0.30777777777777776 0.9045045045045045 0.022222222222222223 0.01981981981981982
16 0.3377777777777778 0.909009009009009 0.024444444444444446 0.01981981981981982
16 0.36333333333333334 0.9126126126126126 0.02 0.018018018018018018
16 0.39111111111111113 0.9153153153153153 0.024444444444444446 0.023423423423423424
16 0.41888888888888887 0.918918918918919 0.02 0.016216216216216217
16 0.4477777777777778 0.9225225225225225 0.017777777777777778 0.01981981981981982
17 0.2722222222222222 0.8954954954954955 0.04666666666666667 0.02882882882882883
13 0.3 0.7666666666666667 0.07333333333333333 0.03423423423423423
13 0.4111111111111111 0.781981981981982 0.07333333333333333 0.03063063063063063
13 0.44 0.6486486486486487 0.07333333333333333 0.03063063063063063
13 0.32666666666666666 0.6333333333333333 0.07111111111111111 0.03063063063063063
4 0.5111111111111111 0.6594594594594595 0.03111111111111111 0.02882882882882883
4 0.4811111111111111 0.7927927927927928 0.03111111111111111 0.02882882882882883
8 0.3111111111111111 0.3945945945945946 0.03333333333333333 0.03963963963963964