0 0.4688888888888889 0.6252252252252253 0.04 0.02702702702702703
0 0.53 0.6234234234234234 0.04666666666666667 0.023423423423423424
16 0.5822222222222222 0.663963963963964 0.02666666666666667 0.016216216216216217
16 0.5822222222222222 0.6351351351351351 0.028888888888888888 0.016216216216216217
16 0.5788888888888889 0.6072072072072072 0.024444444444444446 0.016216216216216217
16 0.6244444444444445 0.6072072072072072 0.024444444444444446 0.018018018018018018
16 0.6255555555555555 0.6621621621621622 0.022222222222222223 0.014414414414414415
16 0.6255555555555555 0.6342342342342342 0.022222222222222223 0.016216216216216217
11 0.47333333333333333 0.6693693693693694 0.035555555555555556 0.014414414414414415
11 0.4722222222222222 0.6495495495495496 0.03777777777777778 0.012612612612612612
11 0.5355555555555556 0.6684684684684684 0.03333333333333333 0.014414414414414415
11 0.5311111111111111 0.6486486486486487 0.04 0.012612612612612612
5 0.36666666666666664 0.6234234234234234 0.10666666666666667 0.021621621621621623
4 0.2688888888888889 0.6675675675675675 0.03111111111111111 0.023423423423423424
4 0.2677777777777778 0.6333333333333333 0.03333333333333333 0.021621621621621623
0 0.14888888888888888 0.6297297297297297 0.06 0.05945945945945946
16 0.31555555555555553 0.6657657657657657 0.028888888888888888 0.016216216216216217
13 0.8611111111111112 0.6081081081081081 0.03333333333333333 0.055855855855855854
13 0.8577777777777778 0.5162162162162162 0.028888888888888888 0.055855855855855854
13 0.6911111111111111 0.518918918918919 0.028888888888888888 0.055855855855855854
13 0.6944444444444444 0.6126126126126126 0.028888888888888888 0.05405405405405406
4 0.6911111111111111 0.4603603603603604 0.03111111111111111 0.021621621621621623
4 0.8577777777777778 0.45855855855855854 0.03111111111111111 0.021621621621621623
8 0.4077777777777778 0.6702702702702703 0.044444444444444446 0.021621621621621623