0 0.4988888888888889 0.6270270270270271 0.04666666666666667 0.032432432432432434
0 0.5588888888888889 0.6162162162162163 0.051111111111111114 0.03063063063063063
16 0.6188888888888889 0.6477477477477478 0.03111111111111111 0.01981981981981982
16 0.6122222222222222 0.6198198198198198 0.03333333333333333 0.021621621621621623
16 0.6022222222222222 0.5927927927927928 0.028888888888888888 0.01981981981981982
16 0.6477777777777778 0.5855855855855856 0.028888888888888888 0.021621621621621623
16 0.6611111111111111 0.6396396396396397 0.024444444444444446 0.018018018018018018
16 0.6544444444444445 0.6126126126126126 0.02666666666666667 0.01981981981981982
11 0.5144444444444445 0.6711711711711712 0.03777777777777778 0.01981981981981982
11 0.5077777777777778 0.6513513513513514 0.04 0.018018018018018018
11 0.5744444444444444 0.6603603603603604 0.035555555555555556 0.01981981981981982
11 0.5655555555555556 0.6405405405405405 0.042222222222222223 0.01981981981981982
5 0.3988888888888889 0.6414414414414414 0.10888888888888888 0.03783783783783784
4 0.31222222222222223 0.7 0.035555555555555556 0.02882882882882883
4 0.30333333333333334 0.6666666666666666 0.03777777777777778 0.02702702702702703
0 0.18666666666666668 0.6810810810810811 0.07111111111111111 0.06846846846846846
16 0.35777777777777775 0.690990990990991 0.03333333333333333 0.021621621621621623
13 0.88 0.5504504504504505 0.044444444444444446 0.05945945945945946
13 0.8555555555555555 0.46126126126126127 0.04 0.05945945945945946
13 0.6922222222222222 0.4891891891891892 0.04 0.05945945945945946
13 0.7177777777777777 0.5801801801801801 0.04 0.05765765765765766
4 0.6788888888888889 0.4315315315315315 0.035555555555555556 0.02702702702702703
4 0.8422222222222222 0.4045045045045045 0.035555555555555556 0.02702702702702703
8 0.45 0.681981981981982 0.04888888888888889 0.02882882882882883