4 0.10178306092124814 0.09125 0.06240713224368499 0.1075
4 0.09361069836552749 0.24375 0.0638930163447251 0.105
16 0.8677563150074294 0.13375 0.04606240713224369 0.0775
16 0.9390787518573551 0.145 0.04903417533432392 0.0825
16 0.861812778603269 0.24375 0.04903417533432392 0.0825
16 0.9323922734026746 0.25625 0.0475482912332838 0.08
16 0.8558692421991084 0.35125 0.0475482912332838 0.085
16 0.9271916790490342 0.36375 0.04903417533432392 0.0825
0 0.46805349182763745 0.11625 0.09955423476968796 0.1275
0 0.7332838038632986 0.15875 0.0950965824665676 0.1225
11 0.7265973254086181 0.2775 0.08023774145616643 0.0725
11 0.7213967310549777 0.36 0.08023774145616643 0.0725
11 0.5884101040118871 0.24875 0.0787518573551263 0.07
11 0.5854383358098069 0.33375 0.07726597325408618 0.0675
11 0.462109955423477 0.23375 0.08023774145616643 0.07
11 0.4576523031203566 0.31875 0.08320950965824665 0.0775
11 0.2065378900445765 0.0325 0.08023774145616643 0.065
11 0.20208023774145617 0.11375 0.0787518573551263 0.065
11 0.19836552748885586 0.19875 0.0787518573551263 0.0625
10 0.3588410104011887 0.30125 0.05794947994056464 0.0925
8 0.5936106983655275 0.1525 0.07429420505200594 0.085
11 0.19390787518573552 0.28875 0.07726597325408618 0.08