0 0.29271916790490343 0.67 0.08766716196136701 0.18
0 0.23551263001485884 0.2325 0.08320950965824665 0.17
11 0.3038632986627043 0.20625 0.05349182763744428 0.14
11 0.3521545319465082 0.18875 0.05349182763744428 0.14
11 0.33060921248142644 0.43625 0.05200594353640416 0.1375
11 0.3789004457652303 0.415 0.05052005943536404 0.135
11 0.3610698365527489 0.6425 0.05200594353640416 0.14
11 0.4101040118870728 0.62375 0.0549777117384844 0.145
10 0.4309063893016345 0.7875 0.06092124814264487 0.1075
8 0.274888558692422 0.4575 0.05943536404160475 0.135
11 0.46953937592867756 0.99125 0.0475482912332838 0.0125