0 0.7191679049034175 0.38 0.07578008915304606 0.1675
0 0.7399702823179792 0.8275 0.07280832095096583 0.16
11 0.6693907875185735 0.83625 0.04309063893016345 0.135
11 0.6203566121842496 0.8425 0.04309063893016345 0.135
11 0.662704309063893 0.6025 0.041604754829123326 0.1325
11 0.612184249628529 0.6125 0.04011887072808321 0.13
11 0.649331352154532 0.39125 0.041604754829123326 0.135
11 0.5988112927191679 0.39875 0.04606240713224369 0.14
11 0.6783060921248143 0.005 0.03714710252600297 0.01
11 0.6270430906389302 0.01 0.03566121842496285 0.02
10 0.5921248142644874 0.23125 0.0549777117384844 0.0975
8 0.7199108469539376 0.595 0.05052005943536404 0.125
11 0.5728083209509658 0.0125 0.04606240713224369 0.025