0 0.693 0.2542372881355932 0.084 0.3135593220338983
16 0.811 0.11016949152542373 0.052 0.22033898305084745
16 0.927 0.09745762711864407 0.054 0.19491525423728814
16 0.815 0.4025423728813559 0.052 0.22033898305084745
16 0.933 0.3686440677966102 0.052 0.211864406779661
16 0.819 0.6991525423728814 0.052 0.22033898305084745
16 0.939 0.6567796610169492 0.054 0.22033898305084745
4 0.081 0.8813559322033898 0.07 0.22033898305084745
4 0.191 0.8686440677966102 0.07 0.2457627118644068
3 0.374 0.8220338983050848 0.118 0.288135593220339
5 0.25 0.3474576271186441 0.244 0.2542372881355932
11 0.701 0.5635593220338984 0.084 0.1864406779661017
11 0.703 0.7923728813559322 0.086 0.1864406779661017
6 0.551 0.6228813559322034 0.102 0.15254237288135594
6 0.555 0.864406779661017 0.1 0.1440677966101695