16 0.509375 0.76375 0.0225 0.02
16 0.52625 0.74375 0.02625 0.02125
16 0.5325 0.766875 0.02 0.01875
16 0.550625 0.744375 0.025 0.02125
16 0.554375 0.766875 0.0225 0.0225
16 0.57375 0.74625 0.0225 0.0225
16 0.389375 0.92875 0.02 0.01625
4 0.3325 0.950625 0.03 0.025
11 0.35375 0.950625 0.0275 0.0275
11 0.3675 0.9525 0.025 0.0275
0 0.4925 0.789375 0.0425 0.03375
11 0.513125 0.790625 0.035 0.0325
11 0.5275 0.793125 0.03125 0.0325
11 0.478125 0.821875 0.03375 0.0325
11 0.495 0.82375 0.03 0.03
11 0.448125 0.854375 0.03375 0.03125
11 0.46375 0.855625 0.02875 0.03125
11 0.419375 0.885625 0.02875 0.03125
11 0.436875 0.885 0.025 0.03125
10 0.405625 0.91625 0.02625 0.02