16 0.7475 0.41 0.01875 0.02125
16 0.72375 0.399375 0.02 0.02625
16 0.74375 0.386875 0.01875 0.01875
16 0.71625 0.37625 0.02 0.025
16 0.7375 0.365625 0.02125 0.02125
16 0.71125 0.35375 0.02125 0.02125
16 0.941875 0.473125 0.01625 0.01875
4 0.980625 0.52 0.0225 0.02875
11 0.97375 0.5 0.02625 0.02625
11 0.97125 0.48625 0.02625 0.02375
0 0.7775 0.4175 0.03125 0.04
11 0.7725 0.398125 0.03125 0.03375
11 0.77 0.383125 0.03 0.03
11 0.8125 0.42125 0.03125 0.0325
11 0.809375 0.405 0.02875 0.0275
11 0.8525 0.439375 0.03 0.03125
11 0.849375 0.424375 0.03 0.0275
11 0.89125 0.4575 0.03 0.0275
11 0.885625 0.44125 0.03 0.02375
10 0.925 0.46125 0.01875 0.025