16 0.585625 0.749375 0.02125 0.01875
16 0.596875 0.725625 0.025 0.02
16 0.60875 0.745625 0.01875 0.0175
16 0.62 0.71875 0.02375 0.02
16 0.63 0.739375 0.02 0.02
16 0.6425 0.71375 0.02 0.02
16 0.519375 0.9425 0.01875 0.015
4 0.471875 0.98 0.02875 0.0225
11 0.491875 0.973125 0.02625 0.02625
11 0.505625 0.97125 0.02375 0.02625
0 0.5775 0.77875 0.04 0.03125
11 0.5975 0.774375 0.0325 0.03
11 0.6125 0.7725 0.02875 0.03
11 0.573125 0.814375 0.03125 0.03
11 0.59 0.81125 0.0275 0.02875
11 0.554375 0.85375 0.03125 0.02875
11 0.569375 0.850625 0.02625 0.03
11 0.535625 0.891875 0.02625 0.03
11 0.551875 0.886875 0.0225 0.03
10 0.531875 0.925625 0.025 0.01875