11 0.3192307692307692 0.5254942767950052 0.057692307692307696 0.06451612903225806
11 0.30538461538461537 0.4620187304890739 0.057692307692307696 0.06659729448491156
0 0.25038461538461537 0.6701352757544224 0.07923076923076923 0.11654526534859522
11 0.23346153846153847 0.5842872008324662 0.05615384615384615 0.06555671175858481
11 0.22192307692307692 0.5249739854318418 0.05615384615384615 0.07284079084287201
11 0.4123076923076923 0.459417273673257 0.07 0.07908428720083246
11 0.39615384615384613 0.39073881373569197 0.06692307692307692 0.07700312174817898
11 0.5126923076923077 0.3870967741935484 0.07846153846153846 0.08740894901144641
11 0.49346153846153845 0.31321540062434966 0.07307692307692308 0.08428720083246619
11 0.7307692307692307 0.37460978147762747 0.09230769230769231 0.0967741935483871
11 0.713076923076923 0.29604578563995837 0.0876923076923077 0.0967741935483871
4 0.69 0.19510926118626432 0.07307692307692308 0.1113423517169615
16 0.5546153846153846 0.25390218522372526 0.046153846153846156 0.06763787721123829
16 0.18307692307692308 0.7424557752341311 0.04846153846153846 0.06555671175858481
16 0.14461538461538462 0.7695109261186265 0.04692307692307692 0.06555671175858481
16 0.17076923076923076 0.6649323621227887 0.05153846153846154 0.06971904266389178
16 0.13115384615384615 0.6909469302809573 0.04692307692307692 0.06659729448491156
16 0.15615384615384614 0.5900104058272633 0.045384615384615384 0.06451612903225806
16 0.12038461538461538 0.6149843912591051 0.045384615384615384 0.06347554630593132
10 0.6076923076923076 0.3829344432882414 0.05615384615384615 0.08220603537981269