11 0.3292307692307692 0.41571279916753384 0.05615384615384615 0.061394380853277836
11 0.3373076923076923 0.3506763787721124 0.05615384615384615 0.06347554630593132
0 0.22038461538461537 0.5046826222684704 0.07461538461538461 0.11238293444328824
11 0.23307692307692307 0.4177939646201873 0.05384615384615385 0.062434963579604576
11 0.24192307692307694 0.35744016649323623 0.054615384615384614 0.06971904266389178
11 0.43423076923076925 0.41155046826222685 0.06846153846153846 0.07492195629552549
11 0.4423076923076923 0.34027055150884494 0.06461538461538462 0.07284079084287201
11 0.5480769230769231 0.40582726326742974 0.07615384615384616 0.08220603537981269
11 0.5546153846153846 0.32830385015608743 0.07076923076923076 0.08012486992715921
11 0.7480769230769231 0.5244536940686785 0.09 0.09053069719042664
11 0.7573076923076923 0.4432882414151925 0.08538461538461538 0.09053069719042664
4 0.7696153846153846 0.3387096774193548 0.06923076923076923 0.10718002081165452
16 0.6288461538461538 0.31113423517169614 0.04384615384615385 0.06555671175858481
16 0.13653846153846153 0.5301768990634755 0.046153846153846156 0.06347554630593132
16 0.09307692307692307 0.5312174817898023 0.04461538461538461 0.062434963579604576
16 0.1503846153846154 0.45317377731529657 0.04923076923076923 0.06659729448491156
16 0.10692307692307693 0.45265348595213317 0.04461538461538461 0.06347554630593132
16 0.16192307692307692 0.37721123829344433 0.043076923076923075 0.062434963579604576
16 0.12153846153846154 0.37825182101977106 0.043076923076923075 0.061394380853277836
10 0.635 0.4583766909469303 0.05384615384615385 0.07908428720083246