11 0.4288461538461538 0.7263267429760666 0.04692307692307692 0.07700312174817898
11 0.3811538461538462 0.7117585848074922 0.04846153846153846 0.07804370447450572
0 0.4888461538461538 0.8782518210197711 0.08538461538461538 0.10509885535900104
11 0.42538461538461536 0.855879292403746 0.04846153846153846 0.07492195629552549
11 0.3811538461538462 0.8413111342351717 0.05307692307692308 0.07596253902185224
11 0.43153846153846154 0.5842872008324662 0.057692307692307696 0.09469302809573361
11 0.37884615384615383 0.5697190426638917 0.05615384615384615 0.09053069719042664
11 0.4330769230769231 0.4302809573361082 0.06384615384615384 0.10613943808532779
11 0.37615384615384617 0.4172736732570239 0.06153846153846154 0.09885535900104059
11 0.5311538461538462 0.1659729448491155 0.07076923076923076 0.12382934443288242
11 0.4715384615384615 0.14932362122788762 0.07 0.1186264308012487
4 0.395 0.12747138397502603 0.08153846153846153 0.09781477627471384
16 0.36730769230769234 0.3158168574401665 0.05 0.061394380853277836
16 0.5038461538461538 0.9791883454734651 0.04923076923076923 0.03954214360041623
16 0.44769230769230767 0.9667013527575442 0.052307692307692305 0.06451612903225806
16 0.39153846153846156 0.9505723204994797 0.047692307692307694 0.060353798126951096
10 0.4765384615384615 0.3158168574401665 0.06 0.07492195629552549