3 0.49666666666666665 0.43836565096952906 0.03777777777777778 0.06371191135734072
3 0.4772222222222222 0.5512465373961218 0.034444444444444444 0.05817174515235457
3 0.4527777777777778 0.659972299168975 0.03666666666666667 0.05955678670360111
3 0.48833333333333334 0.7846260387811634 0.03333333333333333 0.055401662049861494
11 0.5161111111111111 0.6558171745152355 0.024444444444444446 0.04293628808864266
11 0.5033333333333333 0.7070637119113573 0.023333333333333334 0.0443213296398892
11 0.485 0.7022160664819944 0.02 0.037396121883656507
11 0.4961111111111111 0.6488919667590027 0.02 0.04155124653739612
11 0.5694444444444444 0.3801939058171745 0.024444444444444446 0.0443213296398892
11 0.5477777777777778 0.3732686980609418 0.022222222222222223 0.04155124653739612
16 0.5638888888888889 0.28254847645429365 0.01888888888888889 0.02631578947368421
16 0.5538888888888889 0.3206371191135734 0.023333333333333334 0.030470914127423823
1 0.5283333333333333 0.5131578947368421 0.044444444444444446 0.0332409972299169
17 0.5361111111111111 0.4709141274238227 0.04666666666666667 0.0332409972299169
0 0.5222222222222223 0.5588642659279779 0.03666666666666667 0.04986149584487535
0 0.5161111111111111 0.6024930747922438 0.03888888888888889 0.04986149584487535