3 0.49 0.43975069252077564 0.03222222222222222 0.05955678670360111
3 0.48333333333333334 0.5547091412742382 0.028888888888888888 0.055401662049861494
3 0.4711111111111111 0.6668975069252078 0.03222222222222222 0.055401662049861494
3 0.52 0.7839335180055401 0.028888888888888888 0.05263157894736842
11 0.5327777777777778 0.6509695290858726 0.021111111111111112 0.04155124653739612
11 0.5261111111111111 0.7049861495844876 0.01888888888888889 0.04155124653739612
11 0.5072222222222222 0.7029085872576177 0.016666666666666666 0.036011080332409975
11 0.5127777777777778 0.6481994459833795 0.016666666666666666 0.04016620498614958
11 0.555 0.3691135734072022 0.02 0.04155124653739612
11 0.5327777777777778 0.36634349030470914 0.01888888888888889 0.038781163434903045
16 0.5394444444444444 0.27354570637119113 0.017777777777777778 0.023545706371191136
16 0.5333333333333333 0.31301939058171746 0.021111111111111112 0.027700831024930747
1 0.5294444444444445 0.5083102493074793 0.042222222222222223 0.02631578947368421
17 0.5327777777777778 0.4646814404432133 0.04555555555555556 0.02631578947368421
0 0.5283333333333333 0.5547091412742382 0.03333333333333333 0.045706371191135735
0 0.5272222222222223 0.5990304709141274 0.035555555555555556 0.045706371191135735