11 0.3511111111111111 0.1109375 0.024444444444444446 0.0625
11 0.33444444444444443 0.109375 0.022222222222222223 0.0625
11 0.32666666666666666 0.30625 0.022222222222222223 0.05625
11 0.30777777777777776 0.303125 0.017777777777777778 0.05625
0 0.3477777777777778 0.309375 0.03111111111111111 0.0625
16 0.34444444444444444 0.3859375 0.02666666666666667 0.034375
16 0.3211111111111111 0.38125 0.022222222222222223 0.03125
16 0.33666666666666667 0.434375 0.024444444444444446 0.034375
16 0.31333333333333335 0.4296875 0.017777777777777778 0.028125
16 0.29444444444444445 0.428125 0.02 0.028125
17 0.37444444444444447 0.0296875 0.03333333333333333 0.059375
1 0.3477777777777778 0.0234375 0.024444444444444446 0.046875
11 0.3377777777777778 0.209375 0.02 0.05625