11 0.8733333333333333 0.125 0.042222222222222223 0.028125
11 0.8688888888888889 0.1015625 0.04 0.025
4 0.8822222222222222 0.153125 0.03333333333333333 0.0375
11 0.7055555555555556 0.165625 0.044444444444444446 0.034375
11 0.7 0.1421875 0.044444444444444446 0.028125
11 0.5666666666666667 0.203125 0.04 0.03125
11 0.5622222222222222 0.1765625 0.04 0.025
0 0.5722222222222222 0.23125 0.044444444444444446 0.04375
16 0.52 0.2546875 0.024444444444444446 0.034375
16 0.5144444444444445 0.221875 0.02 0.03125
16 0.48444444444444446 0.2625 0.022222222222222223 0.03125
16 0.48 0.23125 0.02 0.025
16 0.47444444444444445 0.2046875 0.02 0.028125
17 0.7755555555555556 0.1609375 0.057777777777777775 0.040625
1 0.7688888888888888 0.125 0.04666666666666667 0.028125
11 0.6355555555555555 0.1828125 0.04 0.028125