11 0.07222222222222222 0.7375 0.04 0.021875
11 0.07333333333333333 0.7625 0.03777777777777778 0.01875
4 0.07 0.70625 0.03111111111111111 0.034375
11 0.24333333333333335 0.7546875 0.044444444444444446 0.028125
11 0.24444444444444444 0.778125 0.042222222222222223 0.021875
11 0.3844444444444444 0.765625 0.03777777777777778 0.025
11 0.3844444444444444 0.7921875 0.03777777777777778 0.01875
0 0.38333333333333336 0.7359375 0.042222222222222223 0.0375
16 0.4388888888888889 0.7296875 0.022222222222222223 0.034375
16 0.43777777777777777 0.765625 0.02 0.03125
16 0.47333333333333333 0.7359375 0.022222222222222223 0.03125
16 0.47333333333333333 0.76875 0.017777777777777778 0.025
16 0.47444444444444445 0.7953125 0.02 0.028125
17 0.17444444444444446 0.7359375 0.057777777777777775 0.034375
1 0.17444444444444446 0.771875 0.044444444444444446 0.021875
11 0.31444444444444447 0.7625 0.03777777777777778 0.021875