11 0.609 0.7132352941176471 0.088 0.15441176470588236
11 0.745 0.7647058823529411 0.084 0.15441176470588236
11 0.603 0.9117647058823529 0.086 0.16176470588235295
11 0.74 0.9375 0.088 0.11029411764705882
0 0.753 0.4852941176470588 0.096 0.29411764705882354
5 0.334 0.31985294117647056 0.244 0.25
4 0.066 0.28308823529411764 0.068 0.25
4 0.055 0.6360294117647058 0.068 0.25
16 0.872 0.4375 0.05 0.19117647058823528
16 0.948 0.45955882352941174 0.052 0.19117647058823528
16 0.866 0.6875 0.052 0.19117647058823528
16 0.941 0.7132352941176471 0.056 0.19852941176470587
16 0.935 0.9301470588235294 0.054 0.125
3 0.211 0.7058823529411765 0.126 0.27941176470588236
6 0.471 0.875 0.116 0.13970588235294118
8 0.616 0.4852941176470588 0.08 0.18382352941176472
10 0.86 0.9191176470588235 0.064 0.14705882352941177