0 0.5491379310344827 0.3226744186046512 0.10862068965517241 0.29069767441860467
0 0.6913793103448276 0.2761627906976744 0.10689655172413794 0.28488372093023256
11 0.5568965517241379 0.5552325581395349 0.08103448275862069 0.14534883720930233
11 0.696551724137931 0.5087209302325582 0.07758620689655173 0.13372093023255813
11 0.5612068965517242 0.7383720930232558 0.07931034482758621 0.1511627906976744
11 0.7025862068965517 0.6918604651162791 0.08275862068965517 0.14534883720930233
11 0.28706896551724137 0.4418604651162791 0.08275862068965517 0.1569767441860465
11 0.41810344827586204 0.4127906976744186 0.08103448275862069 0.1511627906976744
11 0.29051724137931034 0.622093023255814 0.08448275862068966 0.1569767441860465
11 0.4206896551724138 0.5901162790697675 0.08448275862068966 0.1511627906976744
11 0.16724137931034483 0.6511627906976745 0.08620689655172414 0.1511627906976744
11 0.1706896551724138 0.8343023255813954 0.08793103448275862 0.1511627906976744
4 0.16379310344827586 0.4011627906976744 0.0706896551724138 0.23255813953488372
16 0.8094827586206896 0.13662790697674418 0.05172413793103448 0.18023255813953487
16 0.881896551724138 0.11627906976744186 0.05172413793103448 0.18604651162790697
16 0.8163793103448276 0.37209302325581395 0.05172413793103448 0.1744186046511628
16 0.8879310344827587 0.34593023255813954 0.05172413793103448 0.18023255813953487
16 0.8922413793103449 0.5726744186046512 0.05 0.1744186046511628
6 0.29482758620689653 0.7994186046511628 0.10517241379310345 0.14534883720930233
6 0.425 0.7674418604651163 0.10172413793103448 0.14534883720930233
10 0.825 0.6075581395348837 0.05517241379310345 0.19186046511627908