0 0.035 0.33073322932917315 0.0625 0.0358814352574103
11 0.151875 0.2698907956318253 0.0675 0.02106084243369735
11 0.149375 0.296801872074883 0.06375 0.0202808112324493
11 0.031875 0.2702808112324493 0.05125 0.01950078003120125
11 0.035625 0.297191887675507 0.06 0.0202808112324493
5 0.413125 0.33853354134165364 0.2075 0.031201248049921998
15 0.505 0.2788611544461779 0.09875 0.029641185647425898
4 0.64875 0.2796411856474259 0.05625 0.0374414976599064
4 0.645625 0.328393135725429 0.06 0.036661466458658344
16 0.370625 0.2780811232449298 0.04625 0.027301092043681748
16 0.3075 0.2788611544461779 0.03875 0.02574102964118565
16 0.243125 0.27769110764430577 0.045 0.028081123244929798
2 0.156875 0.7059282371294852 0.1375 0.05538221528861154
3 0.821875 0.2800312012480499 0.10625 0.0327613104524181
15 0.969375 0.2800312012480499 0.05875 0.029641185647425898
16 0.44375 0.44305772230889234 0.055 0.028081123244929798