0 0.016875 0.3783151326053042 0.03375 0.0405616224648986
11 0.09875 0.30694227769110766 0.07125 0.02574102964118565
11 0.1025 0.3334633385335413 0.0675 0.0249609984399376
11 0.011875 0.3455538221528861 0.02375 0.0249609984399376
5 0.37375 0.3486739469578783 0.21125 0.046801872074883
15 0.449375 0.28120124804992197 0.1025 0.036661466458658344
4 0.591875 0.26794071762870514 0.0625 0.041341653666146644
4 0.600625 0.31630265210608427 0.06625 0.0405616224648986
16 0.31625 0.29368174726989077 0.05 0.030421216848673948
16 0.254375 0.3003120124804992 0.0425 0.028081123244929798
16 0.190625 0.30538221528861154 0.05 0.031201248049921998
2 0.2125 0.7371294851794071 0.1475 0.06474258970358815
3 0.7625 0.25117004680187205 0.11125 0.0405616224648986
15 0.911875 0.23634945397815912 0.07 0.033541341653666144
16 0.43 0.44929797191887677 0.05875 0.031981279251170044