0 0.78875 0.21021840873634945 0.05875 0.05070202808112324
11 0.880625 0.2909516380655226 0.03625 0.042901716068642744
11 0.8375 0.28861154446177845 0.035 0.0405616224648986
11 0.885625 0.21138845553822153 0.0325 0.041341653666146644
11 0.841875 0.2121684867394696 0.03375 0.04758190327613104
5 0.761875 0.4516380655226209 0.0575 0.13026521060842433
15 0.85375 0.5109204368174727 0.05125 0.062402496099843996
4 0.8475 0.6002340093603744 0.06125 0.0358814352574103
4 0.77 0.5967238689547582 0.06 0.038221528861154444
16 0.86 0.42706708268330734 0.045 0.029641185647425898
16 0.86125 0.3876755070202808 0.0425 0.0249609984399376
16 0.865 0.34750390015600624 0.04625 0.028861154446177848
2 0.181875 0.2788611544461779 0.09375 0.0873634945397816
3 0.84125 0.7082683307332294 0.05625 0.06708268330733229
15 0.834375 0.8268330733229329 0.05125 0.08892355694227769
16 0.593125 0.4668486739469579 0.04625 0.035101404056162244