4 0.03564453125 0.38472622478386165 0.0244140625 0.03602305475504323
4 0.03564453125 0.42795389048991356 0.0263671875 0.0345821325648415
3 0.07421875 0.47982708933717577 0.0458984375 0.056195965417867436
3 0.1513671875 0.5468299711815562 0.0458984375 0.06051873198847262
5 0.11474609375 0.4596541786743516 0.09765625 0.10518731988472622
0 0.25048828125 0.5756484149855908 0.041015625 0.05763688760806916
11 0.20849609375 0.5756484149855908 0.0361328125 0.0446685878962536
11 0.20849609375 0.5987031700288185 0.033203125 0.03602305475504323
11 0.2509765625 0.6109510086455331 0.03515625 0.037463976945244955
11 0.24951171875 0.6368876080691642 0.0341796875 0.043227665706051875
16 0.2890625 0.6051873198847262 0.025390625 0.03314121037463977
16 0.314453125 0.6260806916426513 0.0224609375 0.037463976945244955
16 0.2880859375 0.6347262247838616 0.025390625 0.03314121037463977
16 0.2861328125 0.6657060518731989 0.01953125 0.02881844380403458
16 0.31396484375 0.6585014409221902 0.0205078125 0.03025936599423631
16 0.31201171875 0.6894812680115274 0.01953125 0.03314121037463977
8 0.21044921875 0.5453890489913544 0.0302734375 0.03602305475504323