4 0.029296875 0.5180115273775217 0.0224609375 0.03314121037463977
4 0.03466796875 0.5597982708933718 0.0244140625 0.03170028818443804
3 0.0791015625 0.6001440922190202 0.0419921875 0.04899135446685879
3 0.1640625 0.6440922190201729 0.0419921875 0.053314121037463975
5 0.11669921875 0.5684438040345822 0.091796875 0.0893371757925072
0 0.26513671875 0.6448126801152738 0.037109375 0.05187319884726225
11 0.2236328125 0.6563400576368876 0.033203125 0.03890489913544669
11 0.2265625 0.6793948126801153 0.03125 0.03025936599423631
11 0.26953125 0.6793948126801153 0.033203125 0.03170028818443804
11 0.27197265625 0.7046109510086456 0.03125 0.037463976945244955
16 0.306640625 0.6628242074927954 0.0234375 0.03025936599423631
16 0.333984375 0.6757925072046109 0.0205078125 0.0345821325648415
16 0.3095703125 0.6923631123919308 0.0234375 0.03025936599423631
16 0.3115234375 0.723342939481268 0.0185546875 0.025936599423631124
16 0.337890625 0.7082132564841499 0.0185546875 0.027377521613832854
16 0.33984375 0.739193083573487 0.017578125 0.03170028818443804
8 0.2216796875 0.6260806916426513 0.0283203125 0.03170028818443804