4 0.0302734375 0.5417867435158501 0.0224609375 0.03314121037463977
4 0.03662109375 0.5835734870317003 0.0244140625 0.03314121037463977
3 0.08203125 0.6217579250720461 0.04296875 0.05187319884726225
3 0.16748046875 0.6613832853025937 0.04296875 0.056195965417867436
5 0.11865234375 0.5886167146974063 0.09375 0.0936599423631124
0 0.2685546875 0.6570605187319885 0.0380859375 0.053314121037463975
11 0.2275390625 0.670028818443804 0.0341796875 0.040345821325648415
11 0.23095703125 0.6930835734870316 0.03125 0.03170028818443804
11 0.27392578125 0.6909221902017291 0.033203125 0.03314121037463977
11 0.27685546875 0.7168587896253602 0.0322265625 0.03890489913544669
16 0.310546875 0.6729106628242075 0.0234375 0.03170028818443804
16 0.33837890625 0.6844380403458213 0.021484375 0.0345821325648415
16 0.314453125 0.7017291066282421 0.0234375 0.03170028818443804
16 0.31689453125 0.7327089337175793 0.0185546875 0.025936599423631124
16 0.3427734375 0.7161383285302594 0.0185546875 0.027377521613832854
16 0.345703125 0.7471181556195965 0.017578125 0.03170028818443804
8 0.224609375 0.6404899135446686 0.0283203125 0.03314121037463977