16 0.9473684210526315 0.4701195219123506 0.03007518796992481 0.021248339973439574
16 0.9443609022556391 0.4395750332005312 0.02857142857142857 0.02257636122177955
16 0.9729323308270676 0.47343957503320055 0.02406015037593985 0.02257636122177955
16 0.9714285714285714 0.44156706507304117 0.02706766917293233 0.021248339973439574
16 0.9917293233082707 0.4435590969455511 0.013533834586466165 0.021248339973439574
11 0.9849624060150376 0.5225763612217795 0.021052631578947368 0.033200531208499334
0 0.9646616541353383 0.7357237715803453 0.02857142857142857 0.04249667994687915
11 0.9631578947368421 0.6752988047808764 0.01804511278195489 0.035856573705179286
11 0.9796992481203007 0.6752988047808764 0.009022556390977444 0.034528552456839307
13 0.9774436090225563 0.5956175298804781 0.031578947368421054 0.06241699867197875
8 0.9624060150375939 0.5199203187250996 0.02857142857142857 0.033200531208499334
10 0.9909774436090225 0.4754316069057105 0.015037593984962405 0.02390438247011952