11 0.3323308270676692 0.9893758300132802 0.045112781954887216 0.01859229747675963
1 0.5503759398496241 0.9594953519256308 0.0481203007518797 0.02656042496679947
16 0.6706766917293233 0.8665338645418327 0.02706766917293233 0.029216467463479414
16 0.7022556390977444 0.8545816733067729 0.02857142857142857 0.027888446215139442
16 0.675187969924812 0.8891102257636122 0.02857142857142857 0.02390438247011952
16 0.7082706766917293 0.8778220451527224 0.02706766917293233 0.02656042496679947
16 0.7135338345864661 0.898406374501992 0.02556390977443609 0.021248339973439574
11 0.6255639097744361 0.9143426294820717 0.039097744360902256 0.02257636122177955
11 0.6293233082706767 0.9309428950863213 0.03759398496240601 0.021248339973439574
0 0.39097744360902253 0.9667994687915007 0.05112781954887218 0.034528552456839307
11 0.4 0.9887118193891102 0.042105263157894736 0.0199203187250996
11 0.4548872180451128 0.9435590969455512 0.042105263157894736 0.021248339973439574
11 0.4616541353383459 0.9608233731739708 0.0406015037593985 0.0199203187250996
17 0.4691729323308271 0.9853917662682603 0.05714285714285714 0.02656042496679947
13 0.544360902255639 0.9302788844621513 0.07368421052631578 0.035856573705179286
8 0.6218045112781955 0.8944223107569721 0.0406015037593985 0.029216467463479414
10 0.6819548872180451 0.9116865869853917 0.02857142857142857 0.029216467463479414