16 0.07368421052631578 0.6248339973439575 0.031578947368421054 0.02257636122177955
16 0.0849624060150376 0.6533864541832669 0.03007518796992481 0.02390438247011952
16 0.04887218045112782 0.6268260292164675 0.02556390977443609 0.02390438247011952
16 0.058646616541353384 0.6573705179282868 0.02857142857142857 0.02257636122177955
16 0.03458646616541353 0.6606905710491368 0.022556390977443608 0.021248339973439574
11 0.022556390977443608 0.5816733067729084 0.02406015037593985 0.034528552456839307
11 0.011278195488721804 0.5836653386454184 0.010526315789473684 0.03187250996015936
11 0.006766917293233083 0.42895086321381143 0.013533834586466165 0.03718459495351926
13 0.015037593984962405 0.5092961487383798 0.03007518796992481 0.0650730411686587
8 0.04586466165413534 0.5796812749003984 0.031578947368421054 0.034528552456839307
10 0.027819548872180452 0.6314741035856574 0.02406015037593985 0.02390438247011952