16 0.113 0.54296875 0.058 0.21875
16 0.037 0.4921875 0.056 0.2265625
16 0.128 0.234375 0.056 0.21875
16 0.055 0.17578125 0.056 0.21875
16 0.511 0.19921875 0.062 0.2421875
4 0.916 0.8828125 0.08 0.21875
4 0.933 0.54296875 0.078 0.296875
3 0.777 0.41796875 0.134 0.3359375
0 0.236 0.44921875 0.108 0.3359375
11 0.25 0.1796875 0.092 0.2109375
11 0.261 0.04296875 0.094 0.0859375
11 0.383 0.265625 0.092 0.203125
11 0.397 0.078125 0.09 0.15625
8 0.604 0.23046875 0.084 0.21875
5 0.639 0.796875 0.258 0.390625