16 0.873 0.09765625 0.054 0.1953125
16 0.95 0.08984375 0.052 0.1796875
16 0.877 0.40625 0.05 0.1953125
16 0.952 0.390625 0.05 0.1953125
16 0.881 0.72265625 0.048 0.1875
16 0.508 0.8046875 0.054 0.21875
4 0.07 0.4765625 0.07 0.2734375
4 0.077 0.86328125 0.074 0.2578125
3 0.236 0.83984375 0.128 0.2734375
0 0.76 0.296875 0.1 0.28125
11 0.762 0.57421875 0.088 0.1640625
11 0.766 0.7890625 0.088 0.171875
11 0.628 0.6171875 0.088 0.15625
11 0.629 0.8359375 0.086 0.1484375
10 0.96 0.734375 0.054 0.1796875
8 0.416 0.86328125 0.08 0.1796875
5 0.347 0.34375 0.254 0.2578125