16 0.118 0.75390625 0.052 0.1953125
16 0.041 0.7421875 0.05 0.203125
16 0.122 0.4375 0.05 0.1953125
16 0.047 0.421875 0.05 0.1953125
16 0.128 0.12109375 0.048 0.1875
16 0.5 0.1953125 0.054 0.21875
4 0.927 0.6953125 0.07 0.2734375
4 0.93 0.3046875 0.072 0.265625
3 0.771 0.26953125 0.128 0.2734375
0 0.236 0.59375 0.1 0.28125
11 0.241 0.31640625 0.088 0.1640625
11 0.243 0.1015625 0.088 0.171875
11 0.376 0.328125 0.088 0.15625
11 0.381 0.11328125 0.086 0.1484375
10 0.05 0.0859375 0.056 0.171875
8 0.593 0.17578125 0.08 0.1796875
5 0.648 0.71875 0.254 0.2578125