4 0.08333333333333333 0.18085106382978725 0.075 0.2393617021276596
4 0.06833333333333333 0.5159574468085106 0.07833333333333334 0.2393617021276596
15 0.49583333333333335 0.7579787234042553 0.10833333333333334 0.20212765957446807
11 0.6941666666666667 0.7180851063829787 0.08833333333333333 0.16489361702127658
11 0.6866666666666666 0.8882978723404256 0.085 0.15425531914893617
11 0.8141666666666667 0.776595744680851 0.08833333333333333 0.16489361702127658
11 0.805 0.925531914893617 0.08666666666666667 0.13829787234042554
0 0.825 0.5398936170212766 0.115 0.2712765957446808
16 0.9425 0.5026595744680851 0.058333333333333334 0.17553191489361702
16 0.9341666666666667 0.7313829787234043 0.06 0.18617021276595744
16 0.92 0.925531914893617 0.06333333333333334 0.13829787234042554