11 0.7984375 0.05503512880562061 0.0890625 0.0351288056206089
11 0.79296875 0.11241217798594848 0.0890625 0.07494145199063232
0 0.78515625 0.2107728337236534 0.0984375 0.12177985948477751
1 0.55234375 0.01873536299765808 0.0953125 0.03747072599531616
11 0.33828125 0.01288056206088993 0.0890625 0.02576112412177986
11 0.33359375 0.05269320843091335 0.0875 0.07259953161592506
11 0.32734375 0.12997658079625293 0.0875 0.06791569086651054
11 0.32421875 0.20023419203747073 0.0828125 0.06791569086651054
16 0.22890625 0.0117096018735363 0.0546875 0.0234192037470726
16 0.2203125 0.07611241217798595 0.0484375 0.07494145199063232
16 0.21171875 0.1721311475409836 0.046875 0.07728337236533958
2 0.253125 0.8067915690866511 0.1546875 0.17096018735362997
17 0.6796875 0.03629976580796253 0.109375 0.03747072599531616