11 0.17890625 0.9039812646370023 0.0875 0.04449648711943794
11 0.1859375 0.8477751756440282 0.0921875 0.08430913348946135
0 0.19921875 0.7505854800936768 0.1046875 0.13114754098360656
1 0.421875 0.9742388758782201 0.0921875 0.04449648711943794
11 0.63984375 0.9625292740046838 0.0921875 0.0702576112412178
11 0.65078125 0.8911007025761124 0.0890625 0.07728337236533958
11 0.6578125 0.8220140515222483 0.0859375 0.07728337236533958
16 0.75390625 0.9590163934426229 0.0515625 0.07962529274004684
16 0.76796875 0.8641686182669789 0.05 0.08196721311475409
2 0.7640625 0.2259953161592506 0.1625 0.18969555035128804
17 0.29453125 0.9379391100702577 0.1078125 0.04918032786885246