11 0.8109375 0.9391100702576113 0.05 0.117096018735363
11 0.75859375 0.9344262295081968 0.0515625 0.12646370023419204
0 0.69296875 0.9250585480093677 0.0828125 0.1451990632318501
1 0.8328125 0.5784543325526932 0.04375 0.1405152224824356
11 0.84609375 0.25644028103044497 0.053125 0.13114754098360656
11 0.7984375 0.2505854800936768 0.0484375 0.13114754098360656
11 0.746875 0.24121779859484777 0.0453125 0.13114754098360656
11 0.7 0.23653395784543327 0.0453125 0.12412177985948478
12 0.8515625 0.4262295081967213 0.034375 0.09601873536299765
16 0.8453125 0.09250585480093677 0.0484375 0.07728337236533958
16 0.7828125 0.08079625292740047 0.05 0.07259953161592506
16 0.71875 0.06791569086651054 0.0515625 0.0702576112412178
2 0.2953125 0.12997658079625293 0.1140625 0.23185011709601874
17 0.821875 0.7704918032786885 0.0484375 0.16393442622950818