4 0.1775 0.856875 0.07 0.07375
0 0.798125 0.726875 0.10875 0.09375
1 0.555625 0.808125 0.10125 0.0625
17 0.57375 0.89875 0.1125 0.07125
16 0.895625 0.658125 0.055 0.05625
16 0.964375 0.6425 0.055 0.06
16 0.91125 0.729375 0.05625 0.06
16 0.975625 0.716875 0.04625 0.05875
16 0.926875 0.805625 0.05625 0.05375
16 0.9825 0.79125 0.0325 0.065
11 0.694375 0.81625 0.08375 0.05625
11 0.704375 0.866875 0.08125 0.05
11 0.80875 0.791875 0.0825 0.05
11 0.19125 0.926875 0.085 0.0525
11 0.205 0.975 0.085 0.0475
14 0.379375 0.934375 0.15875 0.08125
15 0.3525 0.8125 0.1125 0.07625
11 0.819375 0.84375 0.08375 0.0525