4 0.851875 0.1725 0.06625 0.06875
0 0.223125 0.248125 0.10375 0.0875
1 0.47125 0.188125 0.09875 0.055
17 0.46125 0.09625 0.11 0.0625
16 0.119375 0.308125 0.05125 0.0525
16 0.05 0.318125 0.05125 0.05625
16 0.110625 0.235625 0.0525 0.05625
16 0.04 0.2425 0.0525 0.05375
16 0.101875 0.15875 0.0525 0.05
16 0.033125 0.1675 0.0525 0.06
11 0.33375 0.1675 0.08125 0.05
11 0.328125 0.116875 0.08 0.04375
11 0.218125 0.1825 0.08125 0.04375
11 0.844375 0.101875 0.0825 0.04625
11 0.83625 0.048125 0.08125 0.04875
14 0.658125 0.0775 0.15625 0.06875
15 0.674375 0.20125 0.10875 0.06875
11 0.21125 0.13 0.08125 0.04625