4 0.0575 0.686875 0.07125 0.07375
0 0.674375 0.83125 0.11 0.09625
1 0.420625 0.803125 0.10125 0.06375
17 0.398125 0.893125 0.11375 0.0725
16 0.791875 0.810625 0.05625 0.05625
16 0.860625 0.825 0.055 0.06
16 0.775625 0.881875 0.05625 0.06
16 0.84375 0.899375 0.0575 0.05875
16 0.7575 0.956875 0.05625 0.055
16 0.825625 0.969375 0.05875 0.05875
11 0.5425 0.86875 0.08375 0.0575
11 0.530625 0.91875 0.0825 0.05125
11 0.65625 0.895 0.08375 0.05125
11 0.041875 0.75625 0.08375 0.055
11 0.03625 0.81 0.0725 0.0575
14 0.2075 0.843125 0.15875 0.08375
15 0.234375 0.720625 0.1125 0.0775
11 0.644375 0.94625 0.08375 0.05375