0 0.337 0.5833333333333334 0.11 0.26666666666666666
16 0.074 0.6933333333333334 0.05 0.16
16 0.08 0.41 0.05 0.16
16 0.086 0.12 0.052 0.16666666666666666
4 0.907 0.6766666666666666 0.072 0.24666666666666667
4 0.917 0.3233333333333333 0.076 0.24666666666666667
3 0.736 0.2733333333333333 0.136 0.26
11 0.341 0.33 0.094 0.15333333333333332
11 0.344 0.13 0.092 0.14666666666666667
11 0.204 0.2966666666666667 0.09 0.14666666666666667
11 0.207 0.09333333333333334 0.09 0.14666666666666667
5 0.6 0.67 0.272 0.24666666666666667