5 0.6997084548104956 0.765358361774744 0.037900874635568516 0.08873720136518772
0 0.7201166180758017 0.6271331058020477 0.04956268221574344 0.03583617747440273
16 0.7842565597667639 0.5802047781569966 0.029154518950437316 0.02218430034129693
16 0.749271137026239 0.5767918088737202 0.029154518950437316 0.02218430034129693
16 0.7128279883381924 0.5750853242320819 0.03206997084548105 0.025597269624573378
4 0.7434402332361516 0.871160409556314 0.03498542274052478 0.027303754266211604
4 0.6924198250728864 0.8668941979522184 0.03498542274052478 0.025597269624573378
15 0.7682215743440233 0.7295221843003413 0.03206997084548105 0.04607508532423208
11 0.7769679300291545 0.6715017064846417 0.02040816326530612 0.02901023890784983
11 0.749271137026239 0.6706484641638225 0.023323615160349854 0.030716723549488054
2 0.7886297376093294 0.20136518771331058 0.08746355685131195 0.04607508532423208
1 0.5918367346938775 0.5349829351535836 0.052478134110787174 0.023890784982935155
17 0.5189504373177842 0.5273037542662116 0.0641399416909621 0.023890784982935155