16 0.8309375 0.31645569620253167 0.049375 0.16666666666666666
16 0.9034375 0.32489451476793246 0.05 0.16877637130801687
16 0.828125 0.5432489451476793 0.051875 0.16244725738396623
16 0.9003125 0.5506329113924051 0.050625 0.16244725738396623
16 0.8996875 0.7774261603375527 0.048125 0.16666666666666666
1 0.334375 0.7837552742616034 0.095 0.1308016877637131
11 0.198125 0.5770042194092827 0.08375 0.12869198312236288
11 0.194375 0.7531645569620253 0.089375 0.1308016877637131
11 0.625 0.629746835443038 0.07875 0.12025316455696203
12 0.6246875 0.820675105485232 0.055 0.08016877637130802
17 0.3359375 0.5295358649789029 0.11375 0.1350210970464135
4 0.20125 0.3333333333333333 0.061875 0.2109704641350211
0 0.48375 0.3628691983122363 0.0925 0.2468354430379747
11 0.480625 0.6118143459915611 0.083125 0.1350210970464135
11 0.4796875 0.7890295358649789 0.083125 0.12869198312236288
10 0.8284375 0.7827004219409283 0.058125 0.1729957805907173