16 0.8078125 0.07383966244725738 0.056875 0.14767932489451477
16 0.87875 0.049578059071729956 0.0575 0.09915611814345991
16 0.8215625 0.2732067510548523 0.05875 0.1877637130801688
16 0.8921875 0.22151898734177214 0.0575 0.1877637130801688
16 0.9075 0.4430379746835443 0.055 0.189873417721519
1 0.36 0.9082278481012658 0.1 0.17932489451476794
11 0.2125 0.8217299578059072 0.088125 0.1729957805907173
11 0.2215625 0.9514767932489452 0.094375 0.09282700421940929
11 0.630625 0.5242616033755274 0.0825 0.16455696202531644
12 0.64375 0.709915611814346 0.0575 0.10970464135021098
17 0.3428125 0.6624472573839663 0.1175 0.19831223628691982
4 0.198125 0.5822784810126582 0.07125 0.24261603375527427
0 0.474375 0.3808016877637131 0.1025 0.29324894514767935
11 0.489375 0.6244725738396625 0.0875 0.17932489451476794
11 0.50125 0.7964135021097046 0.0875 0.1729957805907173
10 0.8390625 0.5063291139240507 0.065 0.20253164556962025