11 0.4305 0.10227272727272728 0.031 0.0427807486631016
11 0.4045 0.16377005347593582 0.032 0.045454545454545456
11 0.3855 0.1731283422459893 0.027 0.040106951871657755
11 0.3695 0.17981283422459893 0.027 0.0374331550802139
11 0.4095 0.11229946524064172 0.023 0.034759358288770054
11 0.3935 0.1196524064171123 0.021 0.03208556149732621
16 0.474 0.014705882352941176 0.022 0.026737967914438502
16 0.461 0.046122994652406414 0.023 0.029411764705882353
16 0.451 0.027406417112299464 0.023 0.029411764705882353
16 0.4375 0.05748663101604278 0.019 0.03208556149732621
16 0.4285 0.03877005347593583 0.021 0.026737967914438502
16 0.4165 0.06684491978609626 0.023 0.03074866310160428