11 0.6155 0.8776737967914439 0.035 0.0481283422459893
11 0.6335 0.8121657754010695 0.036 0.05080213903743316
11 0.6515 0.7987967914438503 0.031 0.045454545454545456
11 0.6665 0.7887700534759359 0.031 0.0427807486631016
11 0.6345 0.8643048128342246 0.027 0.03877005347593583
11 0.6495 0.8529411764705882 0.024 0.03609625668449198
16 0.5825 0.9739304812834224 0.024 0.03074866310160428
16 0.5915 0.9398395721925134 0.026 0.03342245989304813
16 0.6035 0.9565508021390374 0.026 0.03342245989304813
16 0.6135 0.9244652406417112 0.022 0.034759358288770054
16 0.625 0.9411764705882353 0.024 0.03074866310160428
16 0.633 0.910427807486631 0.026 0.034759358288770054