11 0.8055 0.5060160427807486 0.036 0.045454545454545456
11 0.767 0.45788770053475936 0.037 0.0481283422459893
11 0.765 0.4304812834224599 0.033 0.04144385026737968
11 0.764 0.4077540106951872 0.031 0.04144385026737968
11 0.8035 0.4766042780748663 0.029 0.034759358288770054
11 0.8015 0.45387700534759357 0.026 0.03208556149732621
16 0.8585 0.5835561497326203 0.023 0.03208556149732621
16 0.8385 0.5594919786096256 0.025 0.034759358288770054
16 0.855 0.5508021390374331 0.025 0.034759358288770054
16 0.8365 0.5260695187165776 0.026 0.029411764705882353
16 0.8525 0.5187165775401069 0.022 0.03074866310160428
16 0.8345 0.4966577540106952 0.026 0.034759358288770054
4 0.9575 0.6938502673796791 0.02 0.034759358288770054
4 0.9565 0.6530748663101604 0.02 0.029411764705882353
5 0.919 0.6283422459893048 0.08 0.09224598930481283