5 0.9275510204081633 0.44805194805194803 0.09285714285714286 0.11525974025974026
4 0.9877551020408163 0.4788961038961039 0.022448979591836733 0.045454545454545456
4 0.975 0.4277597402597403 0.022448979591836733 0.04383116883116883
3 0.8698979591836735 0.36607142857142855 0.04591836734693878 0.07142857142857142
16 0.7198979591836735 0.3961038961038961 0.026530612244897958 0.04707792207792208
16 0.7096938775510204 0.349025974025974 0.027551020408163266 0.04220779220779221
16 0.6994897959183674 0.30762987012987014 0.026530612244897958 0.040584415584415584
11 0.8010204081632653 0.375 0.0326530612244898 0.04220779220779221
11 0.7948979591836735 0.3425324675324675 0.0336734693877551 0.04383116883116883
0 0.7596938775510204 0.39204545454545453 0.04183673469387755 0.06655844155844155
11 0.7510204081632653 0.3555194805194805 0.0336734693877551 0.04220779220779221
11 0.7428571428571429 0.32386363636363635 0.03571428571428571 0.045454545454545456
16 0.9617346938775511 0.4017857142857143 0.02040816326530612 0.03896103896103896