3 0.9403061224489796 0.41887675507020283 0.04285714285714286 0.06396255850234009
16 0.7346938775510204 0.3533541341653666 0.022448979591836733 0.0327613104524181
16 0.7076530612244898 0.33229329173166927 0.024489795918367346 0.0358814352574103
16 0.7030612244897959 0.2995319812792512 0.024489795918367346 0.028081123244929798
16 0.698469387755102 0.2667706708268331 0.02346938775510204 0.0343213728549142
16 0.7290816326530613 0.3166926677067083 0.024489795918367346 0.0374414976599064
0 0.7683673469387755 0.3673946957878315 0.0336734693877551 0.054602184087363496
4 0.9877551020408163 0.5046801872074883 0.022448979591836733 0.0421216848673947
4 0.9831632653061224 0.4594383775351014 0.02142857142857143 0.0405616224648986
5 0.9127551020408163 0.44929797191887677 0.08979591836734693 0.11076443057722309
11 0.8086734693877551 0.3627145085803432 0.02857142857142857 0.0405616224648986
11 0.8051020408163265 0.3330733229329173 0.027551020408163266 0.0421216848673947
11 0.7637755102040816 0.33073322932917315 0.030612244897959183 0.0405616224648986
11 0.7612244897959184 0.3049921996879875 0.030612244897959183 0.0421216848673947
17 0.8122448979591836 0.3923556942277691 0.02857142857142857 0.0436817472698908
6 0.8505102040816327 0.3619344773790952 0.04387755102040816 0.056162246489859596
10 0.7285714285714285 0.28081123244929795 0.024489795918367346 0.0390015600624025