16 0.425 0.1294851794071763 0.019387755102040816 0.031201248049921998
16 0.4091836734693878 0.16926677067082682 0.02142857142857143 0.0343213728549142
16 0.38724489795918365 0.1731669266770671 0.0163265306122449 0.0343213728549142
16 0.3653061224489796 0.17784711388455537 0.02040816326530612 0.0327613104524181
16 0.4005102040816326 0.13494539781591264 0.022448979591836733 0.0343213728549142
0 0.4372448979591837 0.07956318252730109 0.0336734693877551 0.0483619344773791
11 0.4372448979591837 0.0202808112324493 0.024489795918367346 0.0374414976599064
11 0.41785714285714287 0.0218408736349454 0.026530612244897958 0.0390015600624025
11 0.41275510204081634 0.08346333853354135 0.02346938775510204 0.0436817472698908
11 0.39591836734693875 0.08502340093603744 0.024489795918367346 0.0436817472698908
17 0.4576530612244898 0.0187207488299532 0.026530612244897958 0.0358814352574103
10 0.37704081632653064 0.13260530421216848 0.02346938775510204 0.0343213728549142