3 0.061224489795918366 0.4040561622464899 0.04387755102040816 0.0655226209048362
16 0.24846938775510205 0.5491419656786272 0.02346938775510204 0.0343213728549142
16 0.2714285714285714 0.5795631825273011 0.025510204081632654 0.0374414976599064
16 0.2698979591836735 0.6131045241809673 0.024489795918367346 0.029641185647425898
16 0.26887755102040817 0.6466458658346333 0.024489795918367346 0.0358814352574103
16 0.2479591836734694 0.5865834633385335 0.025510204081632654 0.0390015600624025
0 0.21836734693877552 0.5218408736349454 0.03571428571428571 0.056162246489859596
4 0.02959183673469388 0.30265210608424337 0.02346938775510204 0.0436817472698908
4 0.026530612244897958 0.34789391575663026 0.02346938775510204 0.0421216848673947
5 0.09285714285714286 0.38533541341653665 0.09285714285714286 0.11700468018720749
11 0.17857142857142858 0.5109204368174727 0.02959183673469388 0.0421216848673947
11 0.17704081632653063 0.5405616224648986 0.02959183673469388 0.0452418096723869
11 0.2163265306122449 0.5592823712948518 0.03163265306122449 0.0421216848673947
11 0.21479591836734693 0.5850234009360374 0.03163265306122449 0.0436817472698908
17 0.18010204081632653 0.48049921996879874 0.030612244897959183 0.0452418096723869
6 0.1377551020408163 0.49453978159126366 0.04591836734693878 0.059282371294851796
10 0.24183673469387756 0.6216848673946958 0.025510204081632654 0.0405616224648986