0 0.455 0.3642213642213642 0.03769230769230769 0.06435006435006435
16 0.4338461538461538 0.2953667953667954 0.024615384615384615 0.043758043758043756
16 0.42653846153846153 0.25096525096525096 0.026153846153846153 0.04504504504504504
16 0.4646153846153846 0.287001287001287 0.026153846153846153 0.04504504504504504
16 0.4573076923076923 0.24324324324324326 0.027692307692307693 0.04504504504504504
16 0.4946153846153846 0.2799227799227799 0.025384615384615384 0.04247104247104247
16 0.4869230769230769 0.23745173745173745 0.026153846153846153 0.04247104247104247
11 0.5038461538461538 0.444015444015444 0.023076923076923078 0.06177606177606178
11 0.5284615384615384 0.4369369369369369 0.022307692307692306 0.05662805662805663
11 0.49038461538461536 0.35585585585585583 0.023846153846153847 0.05662805662805663
11 0.5134615384615384 0.35135135135135137 0.02076923076923077 0.055341055341055344
11 0.5646153846153846 0.8307593307593307 0.023076923076923078 0.06435006435006435
11 0.5903846153846154 0.8268983268983269 0.023846153846153847 0.0694980694980695
15 0.48615384615384616 0.5701415701415702 0.03769230769230769 0.09137709137709138
4 0.5273076923076923 0.8416988416988417 0.03461538461538462 0.05662805662805663
14 0.5484615384615384 0.555984555984556 0.04153846153846154 0.12483912483912483
1 0.5765384615384616 0.722007722007722 0.03 0.07979407979407979
10 0.5380769230769231 0.7290862290862291 0.036923076923076927 0.059202059202059204