0 0.47307692307692306 0.35135135135135137 0.03461538461538462 0.059202059202059204
16 0.46076923076923076 0.2767052767052767 0.023076923076923078 0.039897039897039896
16 0.4592307692307692 0.231016731016731 0.024615384615384615 0.04247104247104247
16 0.4919230769230769 0.27927927927927926 0.024615384615384615 0.04247104247104247
16 0.49038461538461536 0.23423423423423423 0.026153846153846153 0.04118404118404118
16 0.5223076923076924 0.28314028314028317 0.023076923076923078 0.03861003861003861
16 0.5196153846153846 0.23873873873873874 0.023846153846153847 0.039897039897039896
11 0.5103846153846154 0.4465894465894466 0.019230769230769232 0.059202059202059204
11 0.5353846153846153 0.44851994851994853 0.019230769230769232 0.05405405405405406
11 0.5084615384615384 0.35585585585585583 0.02076923076923077 0.05405405405405406
11 0.5319230769230769 0.3590733590733591 0.01769230769230769 0.05276705276705277
11 0.5223076923076924 0.8462033462033463 0.019230769230769232 0.06177606177606178
11 0.5480769230769231 0.8513513513513513 0.02 0.06692406692406692
15 0.4776923076923077 0.5637065637065637 0.03230769230769231 0.08751608751608751
4 0.48423076923076924 0.8442728442728443 0.03230769230769231 0.05148005148005148
14 0.5403846153846154 0.5720720720720721 0.03461538461538462 0.12097812097812098
1 0.5473076923076923 0.7438867438867439 0.025384615384615384 0.07593307593307594
10 0.5088461538461538 0.7374517374517374 0.033846153846153845 0.05405405405405406