0 0.49038461538461536 0.34555984555984554 0.04 0.0682110682110682
16 0.4869230769230769 0.26833976833976836 0.026153846153846153 0.04633204633204633
16 0.49038461538461536 0.22265122265122264 0.02846153846153846 0.047619047619047616
16 0.5173076923076924 0.2812097812097812 0.02846153846153846 0.047619047619047616
16 0.5207692307692308 0.23616473616473616 0.02923076923076923 0.047619047619047616
16 0.5465384615384615 0.29407979407979407 0.026923076923076925 0.04504504504504504
16 0.5492307692307692 0.24967824967824967 0.027692307692307693 0.04504504504504504
11 0.5165384615384615 0.4510939510939511 0.025384615384615384 0.06306306306306306
11 0.5407692307692308 0.46074646074646075 0.024615384615384615 0.05791505791505792
11 0.5246153846153846 0.361003861003861 0.026153846153846153 0.059202059202059204
11 0.5473076923076923 0.37194337194337196 0.023076923076923078 0.05662805662805663
11 0.4823076923076923 0.8468468468468469 0.026153846153846153 0.06563706563706563
11 0.5069230769230769 0.8603603603603603 0.026923076923076925 0.07078507078507079
15 0.4707692307692308 0.5553410553410554 0.04153846153846154 0.09395109395109395
4 0.4453846153846154 0.8326898326898327 0.036923076923076927 0.06048906048906049
14 0.5315384615384615 0.5836550836550837 0.04692307692307692 0.1274131274131274
1 0.5188461538461538 0.7548262548262549 0.03307692307692308 0.08236808236808237
10 0.4815384615384615 0.7355212355212355 0.038461538461538464 0.06306306306306306