16 0.834 0.176056338028169 0.05 0.16901408450704225
16 0.933 0.16901408450704225 0.048 0.1619718309859155
16 0.836 0.45774647887323944 0.048 0.1619718309859155
16 0.935 0.4471830985915493 0.046 0.16901408450704225
16 0.838 0.7323943661971831 0.046 0.1619718309859155
16 0.936 0.7253521126760564 0.05 0.1619718309859155
4 0.084 0.4295774647887324 0.066 0.22535211267605634
4 0.085 0.7605633802816901 0.068 0.22535211267605634
3 0.425 0.7535211267605634 0.126 0.23943661971830985
5 0.311 0.3345070422535211 0.25 0.2112676056338028
16 0.177 0.7711267605633803 0.044 0.14084507042253522
11 0.586 0.5950704225352113 0.08 0.14084507042253522
11 0.722 0.5915492957746479 0.082 0.14084507042253522
11 0.587 0.7887323943661971 0.082 0.11971830985915492
11 0.722 0.7816901408450704 0.082 0.1267605633802817
10 0.264 0.7640845070422535 0.05 0.13380281690140844
0 0.588 0.35563380281690143 0.096 0.22535211267605634
0 0.721 0.3485915492957746 0.098 0.22535211267605634