14 0.339572192513369 0.5647668393782384 0.14260249554367202 0.08290155440414508
0 0.7629233511586453 0.4365284974093264 0.0766488413547237 0.09067357512953368
11 0.17023172905525846 0.38212435233160624 0.0766488413547237 0.04922279792746114
11 0.16844919786096257 0.4494818652849741 0.0766488413547237 0.04922279792746114
4 0.1657754010695187 0.538860103626943 0.05525846702317291 0.08290155440414508
15 0.34402852049910876 0.43523316062176165 0.10160427807486631 0.08031088082901554
11 0.5240641711229946 0.43911917098445596 0.0766488413547237 0.05699481865284974
11 0.5213903743315508 0.5090673575129534 0.0766488413547237 0.054404145077720206
11 0.6363636363636364 0.5259067357512953 0.0748663101604278 0.054404145077720206
11 0.6345811051693404 0.5919689119170984 0.07308377896613191 0.054404145077720206
11 0.7611408199643493 0.5297927461139896 0.0748663101604278 0.054404145077720206
11 0.7584670231729055 0.5984455958549223 0.0766488413547237 0.054404145077720206
1 0.5196078431372549 0.5932642487046632 0.09090909090909091 0.05958549222797927
16 0.8868092691622104 0.40414507772020725 0.0427807486631016 0.06476683937823834
16 0.9545454545454546 0.40803108808290156 0.04634581105169341 0.06217616580310881
16 0.8841354723707665 0.4948186528497409 0.0427807486631016 0.06217616580310881
16 0.9518716577540107 0.4961139896373057 0.044563279857397504 0.06476683937823834
16 0.9500891265597148 0.5880829015544041 0.0427807486631016 0.06735751295336788
10 0.8850267379679144 0.6010362694300518 0.0481283422459893 0.06735751295336788