14 0.6550802139037433 0.4119170984455959 0.1443850267379679 0.08808290155440414
0 0.24331550802139038 0.6023316062176166 0.0784313725490196 0.09585492227979274
11 0.8368983957219251 0.5673575129533679 0.0766488413547237 0.054404145077720206
11 0.8333333333333334 0.5 0.0766488413547237 0.054404145077720206
4 0.8297682709447415 0.4106217616580311 0.0570409982174688 0.08549222797927461
15 0.660427807486631 0.5414507772020726 0.10338680926916222 0.08549222797927461
11 0.4803921568627451 0.5647668393782384 0.0766488413547237 0.06217616580310881
11 0.4786096256684492 0.4948186528497409 0.0766488413547237 0.05958549222797927
11 0.36185383244206776 0.4948186528497409 0.0748663101604278 0.05958549222797927
11 0.3600713012477718 0.42875647668393785 0.07308377896613191 0.05958549222797927
11 0.23796791443850268 0.5103626943005182 0.0748663101604278 0.05958549222797927
11 0.23618538324420676 0.4417098445595855 0.0766488413547237 0.05958549222797927
1 0.4741532976827095 0.4106217616580311 0.09090909090909091 0.06217616580310881
16 0.12210338680926916 0.6541450777202072 0.044563279857397504 0.06735751295336788
16 0.054367201426024955 0.6606217616580311 0.0481283422459893 0.06476683937823834
16 0.11764705882352941 0.5634715025906736 0.044563279857397504 0.06476683937823834
16 0.05080213903743316 0.572538860103627 0.04634581105169341 0.06735751295336788
16 0.04634581105169341 0.4805699481865285 0.044563279857397504 0.06994818652849741
10 0.11051693404634581 0.4572538860103627 0.049910873440285206 0.06994818652849741