14 0.6479500891265597 0.38860103626943004 0.14795008912655971 0.10880829015544041
0 0.2522281639928699 0.6411917098445595 0.08377896613190731 0.10621761658031088
11 0.839572192513369 0.5155440414507773 0.0784313725490196 0.06476683937823834
11 0.8315508021390374 0.4494818652849741 0.0784313725490196 0.06476683937823834
4 0.82174688057041 0.36139896373056996 0.062388591800356503 0.09326424870466321
15 0.6622103386809269 0.5168393782383419 0.10695187165775401 0.09844559585492228
11 0.4857397504456328 0.5673575129533679 0.08021390374331551 0.07253886010362694
11 0.47771836007130125 0.49740932642487046 0.08021390374331551 0.06994818652849741
11 0.3627450980392157 0.5155440414507773 0.0784313725490196 0.06994818652849741
11 0.35561497326203206 0.45077720207253885 0.0766488413547237 0.06994818652849741
11 0.23975044563279857 0.5492227979274611 0.0784313725490196 0.06994818652849741
11 0.23351158645276293 0.48186528497409326 0.08021390374331551 0.06994818652849741
1 0.4679144385026738 0.41450777202072536 0.0944741532976827 0.07512953367875648
16 0.1354723707664884 0.7098445595854922 0.0481283422459893 0.07253886010362694
16 0.06862745098039216 0.727979274611399 0.05169340463458111 0.06994818652849741
16 0.12477718360071301 0.6217616580310881 0.0481283422459893 0.06994818652849741
16 0.057932263814616754 0.6411917098445595 0.049910873440285206 0.07253886010362694
16 0.04723707664884135 0.5505181347150259 0.0481283422459893 0.07512953367875648
10 0.10962566844919786 0.5168393782383419 0.053475935828877004 0.07512953367875648