11 0.4875 0.23218997361477572 0.0425 0.1662269129287599
11 0.449375 0.21899736147757257 0.04125 0.16094986807387862
11 0.384375 0.44327176781002636 0.03875 0.158311345646438
11 0.346875 0.42480211081794195 0.0375 0.15567282321899736
11 0.35875 0.6899736147757256 0.04 0.15303430079155672
11 0.3225 0.6754617414248021 0.03875 0.15303430079155672
11 0.46625 0.027704485488126648 0.0325 0.055408970976253295
11 0.431875 0.025065963060686015 0.03625 0.05013192612137203
0 0.4375 0.4630606860158311 0.06625 0.19261213720316622
0 0.414375 0.7216358839050132 0.06625 0.19261213720316622
6 0.37125 0.19525065963060687 0.04125 0.18469656992084432
6 0.389375 0.022427440633245383 0.03875 0.044854881266490766
8 0.41 0.20712401055408972 0.04625 0.158311345646438