11 0.453125 0.24934036939313983 0.035 0.16358839050131926
11 0.415 0.25857519788918204 0.03375 0.158311345646438
11 0.38125 0.5131926121372031 0.03125 0.15567282321899736
11 0.343125 0.5171503957783641 0.03125 0.15303430079155672
11 0.389375 0.7638522427440633 0.03375 0.1503957783641161
11 0.3525 0.7717678100263852 0.0325 0.1503957783641161
11 0.40375 0.051451187335092345 0.0275 0.07651715039577836
11 0.369375 0.06200527704485488 0.0325 0.08443271767810026
0 0.435625 0.5013192612137203 0.05875 0.1820580474934037
0 0.446875 0.762532981530343 0.05875 0.1820580474934037
6 0.336875 0.28232189973614774 0.03375 0.1820580474934037
6 0.326875 0.07651715039577836 0.03375 0.09762532981530343
8 0.375 0.2717678100263852 0.04 0.15303430079155672