0 0.55419921875 0.688034188034188 0.0380859375 0.14814814814814814
11 0.6025390625 0.8660968660968661 0.02734375 0.1396011396011396
11 0.62451171875 0.8461538461538461 0.0234375 0.1225071225071225
11 0.58740234375 0.6581196581196581 0.02734375 0.1396011396011396
11 0.60986328125 0.6438746438746439 0.02734375 0.14814814814814814
16 0.53271484375 0.5142450142450142 0.0283203125 0.07977207977207977
16 0.5244140625 0.4031339031339031 0.029296875 0.08262108262108261
16 0.5615234375 0.49715099715099714 0.02734375 0.08547008547008547
16 0.55615234375 0.39173789173789175 0.02734375 0.08831908831908832
16 0.5849609375 0.3732193732193732 0.0283203125 0.08262108262108261
10 0.59521484375 0.47435897435897434 0.0263671875 0.09401709401709402