0 0.57861328125 0.4116809116809117 0.048828125 0.10256410256410256
1 0.7236328125 0.2905982905982906 0.05078125 0.06552706552706553
11 0.8974609375 0.42592592592592593 0.046875 0.05982905982905983
11 0.892578125 0.3547008547008547 0.0458984375 0.06267806267806268
11 0.65185546875 0.33618233618233617 0.046875 0.06837606837606838
11 0.65283203125 0.2692307692307692 0.0419921875 0.05982905982905983
11 0.57958984375 0.31054131054131057 0.046875 0.06837606837606838
11 0.58251953125 0.24358974358974358 0.0498046875 0.06837606837606838
16 0.51513671875 0.41452991452991456 0.025390625 0.07977207977207977
16 0.4765625 0.4017094017094017 0.0263671875 0.08262108262108261
16 0.51904296875 0.32905982905982906 0.0283203125 0.07407407407407407
16 0.48291015625 0.31054131054131057 0.029296875 0.07407407407407407
16 0.486328125 0.22364672364672364 0.02734375 0.07692307692307693
17 0.72607421875 0.41737891737891736 0.0595703125 0.07407407407407407
11 0.82080078125 0.4045584045584046 0.05078125 0.07122507122507123
12 0.8173828125 0.3247863247863248 0.033203125 0.042735042735042736
4 0.90234375 0.5370370370370371 0.0419921875 0.09686609686609686
10 0.5224609375 0.22934472934472935 0.0302734375 0.06837606837606838