0 0.41796875 0.5555555555555556 0.0517578125 0.1168091168091168
1 0.2685546875 0.6168091168091168 0.0517578125 0.08262108262108261
11 0.1025390625 0.4116809116809117 0.0478515625 0.07692307692307693
11 0.10400390625 0.4843304843304843 0.046875 0.07977207977207977
11 0.341796875 0.5997150997150997 0.0478515625 0.08547008547008547
11 0.33740234375 0.6666666666666666 0.04296875 0.07407407407407407
11 0.412109375 0.6552706552706553 0.0478515625 0.08547008547008547
11 0.40576171875 0.7193732193732194 0.05078125 0.08547008547008547
16 0.48095703125 0.5783475783475783 0.0283203125 0.08547008547008547
16 0.5185546875 0.6068376068376068 0.029296875 0.08831908831908832
16 0.47314453125 0.6623931623931624 0.0302734375 0.08262108262108261
16 0.5078125 0.6951566951566952 0.03125 0.08262108262108261
16 0.5 0.7792022792022792 0.029296875 0.08547008547008547
17 0.2724609375 0.49002849002849 0.060546875 0.09686609686609686
11 0.177734375 0.46438746438746437 0.0517578125 0.08831908831908832
12 0.17724609375 0.5441595441595442 0.0341796875 0.05413105413105413
4 0.103515625 0.3005698005698006 0.044921875 0.10826210826210826
10 0.46484375 0.7578347578347578 0.0322265625 0.07977207977207977