16 0.3184031158714703 0.6510721247563352 0.03992210321324245 0.04191033138401559
16 0.3485881207400195 0.6920077972709552 0.04186952288218111 0.04483430799220273
16 0.33982473222979553 0.7290448343079922 0.04089581304771178 0.038011695906432746
16 0.33544303797468356 0.7607212475633528 0.0379746835443038 0.038011695906432746
16 0.31061343719571566 0.6851851851851852 0.0379746835443038 0.04191033138401559
11 0.0501460564751704 0.27582846003898637 0.0379746835443038 0.049707602339181284
11 0.04771178188899708 0.3026315789473684 0.03602726387536514 0.04191033138401559
11 0.1830574488802337 0.5121832358674464 0.042843232716650435 0.05458089668615984
11 0.1801363193768257 0.5399610136452242 0.042843232716650435 0.05263157894736842
11 0.22736124634858812 0.5745614035087719 0.044790652385589096 0.05263157894736842
11 0.2234664070107108 0.6023391812865497 0.042843232716650435 0.049707602339181284
4 0.04527750730282376 0.3347953216374269 0.03018500486854917 0.04093567251461988
0 0.188412852969815 0.4780701754385965 0.044790652385589096 0.06627680311890838
0 0.2317429406037001 0.5419103313840156 0.045764362220058426 0.0682261208576998
11 0.2745861733203505 0.6398635477582846 0.044790652385589096 0.05263157894736842
11 0.26777020447906524 0.6671539961013645 0.04965920155793573 0.05263157894736842
6 0.13437195715676728 0.48148148148148145 0.06037000973709834 0.06627680311890838
10 0.3008763388510224 0.7236842105263158 0.0311587147030185 0.043859649122807015