16 0.634858812074002 0.6944444444444444 0.043816942551119765 0.04191033138401559
16 0.6777020447906524 0.6681286549707602 0.04771178188899708 0.04483430799220273
16 0.7142161635832522 0.6793372319688109 0.04089581304771178 0.042884990253411304
16 0.744888023369036 0.6866471734892787 0.03992210321324245 0.03996101364522417
16 0.6674780915287244 0.7051656920077972 0.043816942551119765 0.03996101364522417
11 0.23758519961051608 0.9293372319688109 0.05160662122687439 0.04093567251461988
11 0.2638753651411879 0.9337231968810916 0.043816942551119765 0.03898635477582846
11 0.48490749756572543 0.8172514619883041 0.05647517039922103 0.04580896686159844
11 0.5121713729308666 0.8226120857699805 0.054527750730282376 0.04678362573099415
11 0.5506329113924051 0.7782651072124757 0.055501460564751706 0.04873294346978557
11 0.5774099318403116 0.7846003898635477 0.05258033106134372 0.04580896686159844
4 0.2955209347614411 0.9390838206627681 0.042843232716650435 0.03313840155945419
0 0.4513145082765336 0.8089668615984406 0.06815968841285297 0.049707602339181284
0 0.5180136319376826 0.7714424951267057 0.07010710808179163 0.050682261208576995
11 0.6197663096397273 0.7368421052631579 0.055501460564751706 0.04873294346978557
11 0.6460564751703992 0.7461013645224172 0.055501460564751706 0.05263157894736842
6 0.4498539435248296 0.8630604288499025 0.0691333982473223 0.06432748538011696
10 0.7049659201557936 0.7178362573099415 0.044790652385589096 0.0341130604288499