16 0.6733203505355404 0.3391812865497076 0.0379746835443038 0.03996101364522417
16 0.6411879259980526 0.3001949317738791 0.03992210321324245 0.043859649122807015
16 0.6480038948393378 0.2626705653021443 0.03894839337877313 0.037037037037037035
16 0.6504381694255112 0.2309941520467836 0.03602726387536514 0.036062378167641324
16 0.6796494644595911 0.3050682261208577 0.03602726387536514 0.03996101364522417
11 0.9610516066212269 0.7002923976608187 0.03602726387536514 0.04873294346978557
11 0.9620253164556962 0.6734892787524367 0.034079844206426485 0.04093567251461988
11 0.815968841285297 0.47076023391812866 0.03992210321324245 0.05263157894736842
11 0.817429406037001 0.44298245614035087 0.04089581304771178 0.05165692007797271
11 0.7682570593963 0.41130604288499023 0.042843232716650435 0.05165692007797271
11 0.7706913339824732 0.3835282651072125 0.04089581304771178 0.04873294346978557
4 0.9629990262901655 0.6413255360623782 0.028237585199610515 0.03996101364522417
0 0.8120740019474196 0.5053606237816765 0.04186952288218111 0.06530214424951267
0 0.7658227848101266 0.4439571150097466 0.042843232716650435 0.06725146198830409
11 0.7176241480038948 0.3484405458089669 0.042843232716650435 0.05165692007797271
11 0.7234664070107109 0.32115009746588696 0.04771178188899708 0.050682261208576995
6 0.8661148977604674 0.49951267056530213 0.05744888023369036 0.06335282651072124
10 0.686952288218111 0.2665692007797271 0.029211295034079845 0.04191033138401559