11 0.11171875 0.22689844464775846 0.078125 0.08234217749313816
11 0.103125 0.6939615736505031 0.0796875 0.08966148215919488
11 0.20234375 0.687099725526075 0.0828125 0.08874656907593778
11 0.2984375 0.682067703568161 0.0828125 0.09240622140896615
11 0.39140625 0.672003659652333 0.0765625 0.08966148215919488
11 0.1703125 0.5375114364135407 0.078125 0.0878316559926807
0 0.30390625 0.526075022872827 0.1453125 0.11802378774016468
1 0.03671875 0.3806038426349497 0.0734375 0.10064043915827996
17 0.20546875 0.36825251601097897 0.0890625 0.1171088746569076
4 0.240625 0.21591948764867339 0.1265625 0.07502287282708142
16 0.3 0.8952424519670631 0.0921875 0.059469350411710885
16 0.4234375 0.8851784080512352 0.0953125 0.055809698078682524
16 0.440625 0.9634034766697164 0.09375 0.05763952424519671
16 0.31875 0.9716376944190301 0.096875 0.05489478499542543
16 0.19296875 0.9775846294602013 0.0921875 0.043000914913083256
12 0.06484375 0.5489478499542544 0.0546875 0.06953339432753888
11 0.03046875 0.23787740164684354 0.0609375 0.10430009149130832