11 0.9265625 0.2758462946020128 0.0640625 0.04117108874656908
11 0.16875 0.267612076852699 0.153125 0.04666056724611162
11 0.18046875 0.32570905763952424 0.1515625 0.0484903934126258
11 0.1890625 0.3819762122598353 0.1578125 0.0484903934126258
11 0.20625 0.4364135407136322 0.153125 0.04483074107959744
11 0.4359375 0.3069533394327539 0.15 0.04574565416285453
0 0.45546875 0.38517840805123515 0.2015625 0.08508691674290943
1 0.70390625 0.22598353156450138 0.1703125 0.04757548032936871
17 0.725 0.3275388838060384 0.2 0.05215004574565416
4 0.94921875 0.3513266239707228 0.0578125 0.07044830741079597
12 0.41640625 0.24519670631290028 0.11875 0.03202195791399817
11 0.903125 0.21866422689844464 0.0890625 0.05032021957913998