0 0.2110236220472441 0.6092436974789915 0.10078740157480315 0.13445378151260504
0 0.23228346456692914 0.7563025210084033 0.09448818897637795 0.13165266106442577
11 0.07952755905511812 0.5784313725490197 0.10078740157480315 0.08403361344537816
11 0.09055118110236221 0.6708683473389355 0.09763779527559055 0.08683473389355742
4 0.1062992125984252 0.7843137254901961 0.06771653543307087 0.1092436974789916
1 0.3598425196850394 0.7408963585434174 0.10078740157480315 0.08403361344537816
17 0.34488188976377954 0.6176470588235294 0.11496062992125984 0.0896358543417367
11 0.4755905511811024 0.6022408963585434 0.08346456692913386 0.08123249299719888
11 0.4826771653543307 0.6890756302521008 0.07559055118110236 0.07282913165266107
11 0.5968503937007874 0.42857142857142855 0.08031496062992126 0.08123249299719888
11 0.6039370078740157 0.5140056022408963 0.07716535433070866 0.07563025210084033
11 0.7401574803149606 0.3795518207282913 0.07559055118110236 0.0784313725490196
11 0.7440944881889764 0.4635854341736695 0.07716535433070866 0.08123249299719888
16 0.8488188976377953 0.32212885154061627 0.050393700787401574 0.08683473389355742
16 0.9125984251968504 0.29551820728291317 0.05354330708661417 0.09523809523809523
12 0.6307086614173228 0.6442577030812325 0.05669291338582677 0.0700280112044818
12 0.7330708661417323 0.6050420168067226 0.05511811023622047 0.0700280112044818
16 0.852755905511811 0.42997198879551823 0.05196850393700787 0.0896358543417367
16 0.9173228346456693 0.40756302521008403 0.04566929133858268 0.08403361344537816
16 0.9220472440944882 0.511204481792717 0.04566929133858268 0.08403361344537816
10 0.8614173228346457 0.5490196078431373 0.04566929133858268 0.08403361344537816
6 0.46771653543307085 0.5070028011204482 0.10393700787401575 0.08403361344537816