0 0.22755905511811023 0.7058823529411765 0.11023622047244094 0.16246498599439776
0 0.26456692913385826 0.8431372549019608 0.10393700787401575 0.1568627450980392
11 0.09527559055118111 0.7198879551820728 0.10551181102362205 0.11484593837535013
11 0.11653543307086614 0.8067226890756303 0.10236220472440945 0.11764705882352941
4 0.14409448818897638 0.9131652661064426 0.07716535433070866 0.12605042016806722
1 0.38818897637795274 0.7843137254901961 0.10551181102362205 0.11484593837535013
17 0.3606299212598425 0.6680672268907563 0.11968503937007874 0.12324929971988796
11 0.4874015748031496 0.6092436974789915 0.08818897637795275 0.10644257703081232
11 0.5031496062992126 0.6904761904761905 0.08031496062992126 0.09523809523809523
11 0.5874015748031496 0.39775910364145656 0.08503937007874016 0.10644257703081232
11 0.6031496062992125 0.47759103641456585 0.08188976377952756 0.09803921568627451
11 0.7228346456692913 0.29971988795518206 0.08031496062992126 0.10084033613445378
11 0.7354330708661417 0.38235294117647056 0.08188976377952756 0.10364145658263306
16 0.8236220472440945 0.20728291316526612 0.05669291338582677 0.10084033613445378
16 0.8834645669291339 0.15966386554621848 0.06141732283464567 0.1092436974789916
12 0.6433070866141732 0.5966386554621849 0.06141732283464567 0.08683473389355742
12 0.7401574803149606 0.5238095238095238 0.05984251968503937 0.08683473389355742
16 0.8385826771653543 0.31092436974789917 0.05984251968503937 0.10364145658263306
16 0.8992125984251969 0.26750700280112044 0.05196850393700787 0.09523809523809523
16 0.9149606299212598 0.36694677871148457 0.05196850393700787 0.09523809523809523
10 0.8598425196850393 0.4257703081232493 0.05196850393700787 0.09523809523809523
6 0.4692913385826772 0.5182072829131653 0.10866141732283464 0.11764705882352941