0 0.20393700787401575 0.5084033613445378 0.10393700787401575 0.14285714285714285
0 0.2094488188976378 0.6610644257703081 0.09763779527559055 0.1400560224089636
11 0.07874015748031496 0.4341736694677871 0.10236220472440945 0.09243697478991597
11 0.08031496062992126 0.5280112044817927 0.09921259842519685 0.09523809523809523
4 0.08267716535433071 0.6456582633053222 0.07086614173228346 0.11484593837535013
1 0.3362204724409449 0.6890756302521008 0.10236220472440945 0.09243697478991597
17 0.3354330708661417 0.5630252100840336 0.11653543307086614 0.09803921568627451
11 0.4653543307086614 0.592436974789916 0.08503937007874016 0.0896358543417367
11 0.462992125984252 0.6792717086834734 0.07716535433070866 0.08123249299719888
11 0.6023622047244095 0.4635854341736695 0.08188976377952756 0.0896358543417367
11 0.6007874015748031 0.5490196078431373 0.07874015748031496 0.08403361344537816
11 0.7488188976377953 0.46218487394957986 0.07716535433070866 0.08403361344537816
11 0.7433070866141732 0.5476190476190477 0.07874015748031496 0.0896358543417367
16 0.8614173228346457 0.44397759103641454 0.05196850393700787 0.0896358543417367
16 0.926771653543307 0.43977591036414565 0.05669291338582677 0.10084033613445378
12 0.6125984251968504 0.6848739495798319 0.05826771653543307 0.07563025210084033
12 0.7173228346456693 0.6820728291316527 0.05669291338582677 0.07563025210084033
16 0.8535433070866142 0.5504201680672269 0.05354330708661417 0.09523809523809523
16 0.9196850393700787 0.5504201680672269 0.047244094488188976 0.08683473389355742
16 0.9133858267716536 0.65406162464986 0.047244094488188976 0.08683473389355742
10 0.8488188976377953 0.6708683473389355 0.047244094488188976 0.08683473389355742
6 0.46771653543307085 0.4957983193277311 0.10551181102362205 0.09523809523809523