15 0.6239583333333333 0.48253968253968255 0.08333333333333333 0.1126984126984127
3 0.6635416666666667 0.7214285714285714 0.09375 0.12380952380952381
5 0.4947916666666667 0.6166666666666667 0.09375 0.2396825396825397
4 0.6833333333333333 0.8976190476190476 0.07708333333333334 0.06507936507936508
4 0.565625 0.9119047619047619 0.07708333333333334 0.06349206349206349
11 0.5416666666666666 0.3047619047619048 0.052083333333333336 0.08888888888888889
11 0.5895833333333333 0.1746031746031746 0.058333333333333334 0.08412698412698413
11 0.5229166666666667 0.176984126984127 0.05416666666666667 0.07936507936507936
0 0.4322916666666667 0.18333333333333332 0.1 0.1
16 0.5541666666666667 0.06031746031746032 0.07083333333333333 0.05396825396825397
16 0.46875 0.06428571428571428 0.07291666666666667 0.05873015873015873
16 0.38125 0.06984126984126984 0.075 0.06031746031746032