0 0.6753731343283582 0.9068877551020408 0.0791044776119403 0.16326530612244897
11 0.6082089552238806 0.8877551020408163 0.049253731343283584 0.13520408163265307
11 0.5611940298507463 0.875 0.04626865671641791 0.1377551020408163
11 0.6388059701492538 0.5714285714285714 0.04776119402985075 0.13520408163265307
11 0.5902985074626865 0.5586734693877551 0.04328358208955224 0.13520408163265307
11 0.6865671641791045 0.09311224489795919 0.04626865671641791 0.10459183673469388
11 0.6388059701492538 0.08035714285714286 0.04477611940298507 0.10459183673469388
0 0.7059701492537314 0.5880102040816326 0.0791044776119403 0.16581632653061223
16 0.7141791044776119 0.3979591836734694 0.05223880597014925 0.08928571428571429
10 0.6253731343283582 0.3762755102040816 0.06417910447761194 0.09693877551020408
8 0.5888059701492537 0.7181122448979592 0.0791044776119403 0.08928571428571429