0 0.3201492537313433 0.09821428571428571 0.07761194029850746 0.16326530612244897
11 0.3880597014925373 0.11479591836734694 0.04776119402985075 0.13520408163265307
11 0.43507462686567167 0.12627551020408162 0.04477611940298507 0.1377551020408163
11 0.3604477611940298 0.4336734693877551 0.04626865671641791 0.13520408163265307
11 0.408955223880597 0.4451530612244898 0.041791044776119404 0.1326530612244898
11 0.3194029850746269 0.9119897959183674 0.04477611940298507 0.09948979591836735
11 0.3656716417910448 0.9221938775510204 0.04328358208955224 0.10204081632653061
0 0.29328358208955224 0.41836734693877553 0.07761194029850746 0.16581632653061223
16 0.2865671641791045 0.6084183673469388 0.05223880597014925 0.08928571428571429
10 0.3753731343283582 0.6275510204081632 0.0626865671641791 0.09438775510204081
8 0.408955223880597 0.2844387755102041 0.07761194029850746 0.08928571428571429