16 0.26119402985074625 0.985969387755102 0.056716417910447764 0.02295918367346939
16 0.24477611940298508 0.923469387755102 0.05522388059701493 0.09438775510204081
16 0.17761194029850746 0.9502551020408163 0.056716417910447764 0.09438775510204081
16 0.22835820895522388 0.8201530612244898 0.05373134328358209 0.09438775510204081
16 0.16343283582089552 0.8494897959183674 0.05373134328358209 0.09438775510204081
0 0.3537313432835821 0.9311224489795918 0.10149253731343283 0.1326530612244898
11 0.3365671641791045 0.826530612244898 0.08208955223880597 0.09438775510204081
11 0.3238805970149254 0.7487244897959183 0.08208955223880597 0.08928571428571429
11 0.5186567164179104 0.7448979591836735 0.08208955223880597 0.09183673469387756
11 0.5059701492537313 0.6645408163265306 0.08059701492537313 0.08418367346938775
11 0.8022388059701493 0.6198979591836735 0.08059701492537313 0.09183673469387756
11 0.7902985074626866 0.5420918367346939 0.08059701492537313 0.08928571428571429
0 0.5365671641791044 0.8571428571428571 0.10149253731343283 0.14795918367346939
16 0.6417910447761194 0.7933673469387755 0.056716417910447764 0.09693877551020408
4 0.9656716417910448 0.6428571428571429 0.06567164179104477 0.12244897959183673
4 0.9455223880597015 0.4961734693877551 0.07164179104477612 0.11989795918367346
10 0.6171641791044776 0.6454081632653061 0.06119402985074627 0.11479591836734694
8 0.41940298507462687 0.7270408163265306 0.05970149253731343 0.14030612244897958