17 0.18994140625 0.41888888888888887 0.09375 0.14333333333333334
17 0.199951171875 0.23333333333333334 0.09716796875 0.14666666666666667
1 0.107421875 0.27666666666666667 0.0439453125 0.19444444444444445
0 0.51611328125 0.4627777777777778 0.09716796875 0.21444444444444444
16 0.75244140625 0.6022222222222222 0.05859375 0.13555555555555557
16 0.82470703125 0.6622222222222223 0.060546875 0.1388888888888889
16 0.81298828125 0.8133333333333334 0.06201171875 0.1411111111111111
16 0.742919921875 0.7505555555555555 0.06103515625 0.1411111111111111
16 0.80224609375 0.9433333333333334 0.0595703125 0.10666666666666667
11 0.300537109375 0.4172222222222222 0.07763671875 0.13666666666666666
11 0.404541015625 0.5122222222222222 0.076171875 0.13777777777777778
11 0.509765625 0.6038888888888889 0.08056640625 0.12777777777777777
11 0.50439453125 0.7166666666666667 0.0810546875 0.13777777777777778
11 0.63330078125 0.71 0.0810546875 0.1322222222222222
11 0.62548828125 0.8216666666666667 0.08056640625 0.12222222222222222
12 0.395751953125 0.6283333333333333 0.0546875 0.08444444444444445
12 0.29296875 0.5283333333333333 0.0546875 0.08666666666666667
10 0.72607421875 0.9188888888888889 0.05859375 0.1322222222222222