17 0.194091796875 0.35777777777777775 0.0966796875 0.15888888888888889
17 0.211181640625 0.175 0.10009765625 0.1622222222222222
1 0.117431640625 0.2 0.05029296875 0.19777777777777777
0 0.517333984375 0.46555555555555556 0.10302734375 0.22777777777777777
16 0.74755859375 0.6516666666666666 0.0625 0.14333333333333334
16 0.817138671875 0.7261111111111112 0.064453125 0.14777777777777779
16 0.7998046875 0.8738888888888889 0.06591796875 0.15
16 0.732177734375 0.7977777777777778 0.06494140625 0.15
16 0.78369140625 0.9705555555555555 0.0634765625 0.052222222222222225
11 0.30419921875 0.37777777777777777 0.0810546875 0.14888888888888888
11 0.404296875 0.49333333333333335 0.07958984375 0.14888888888888888
11 0.505615234375 0.6055555555555555 0.0830078125 0.1411111111111111
11 0.495849609375 0.7166666666666667 0.083984375 0.1511111111111111
11 0.624755859375 0.7355555555555555 0.083984375 0.14555555555555555
11 0.61279296875 0.8455555555555555 0.0830078125 0.13444444444444445
12 0.391357421875 0.6072222222222222 0.05615234375 0.09333333333333334
12 0.292724609375 0.4866666666666667 0.056640625 0.09555555555555556
10 0.708984375 0.9444444444444444 0.0625 0.10444444444444445