12 0.4643333333333333 0.6616847826086957 0.056 0.04891304347826087
0 0.7056666666666667 0.41440217391304346 0.08733333333333333 0.15217391304347827
11 0.5783333333333334 0.39741847826086957 0.078 0.07744565217391304
11 0.5793333333333334 0.4986413043478261 0.074 0.07744565217391304
11 0.11966666666666667 0.5740489130434783 0.07866666666666666 0.07472826086956522
11 0.12066666666666667 0.6752717391304348 0.07933333333333334 0.07472826086956522
4 0.11966666666666667 0.4327445652173913 0.058 0.11684782608695653
1 0.5806666666666667 0.6610054347826086 0.09 0.07336956521739131
14 0.2936666666666667 0.6480978260869565 0.142 0.10190217391304347
16 0.816 0.3491847826086957 0.044 0.09782608695652174
16 0.885 0.34646739130434784 0.042666666666666665 0.09375
16 0.8163333333333334 0.4789402173913043 0.04466666666666667 0.09375
16 0.886 0.47758152173913043 0.04533333333333334 0.09510869565217392
16 0.8886666666666667 0.6073369565217391 0.04733333333333333 0.09510869565217392
11 0.7066666666666667 0.5475543478260869 0.07466666666666667 0.07336956521739131
11 0.7083333333333334 0.6467391304347826 0.076 0.07201086956521739
11 0.464 0.5523097826086957 0.07333333333333333 0.06385869565217392
10 0.8206666666666667 0.6209239130434783 0.051333333333333335 0.08695652173913043