12 0.5526666666666666 0.358695652173913 0.058666666666666666 0.06929347826086957
0 0.29033333333333333 0.4891304347826087 0.09933333333333333 0.18206521739130435
11 0.41233333333333333 0.563858695652174 0.08333333333333333 0.10597826086956522
11 0.4226666666666667 0.46535326086956524 0.07933333333333334 0.10461956521739131
11 0.879 0.6025815217391305 0.08333333333333333 0.10326086956521739
11 0.889 0.5033967391304348 0.084 0.10326086956521739
4 0.863 0.7398097826086957 0.068 0.13722826086956522
1 0.439 0.3063858695652174 0.09466666666666666 0.10733695652173914
14 0.7173333333333334 0.45040760869565216 0.148 0.15489130434782608
16 0.17533333333333334 0.5020380434782609 0.052 0.11277173913043478
16 0.10766666666666666 0.4735054347826087 0.050666666666666665 0.10869565217391304
16 0.18966666666666668 0.375 0.05266666666666667 0.10869565217391304
16 0.12166666666666667 0.3451086956521739 0.05333333333333334 0.11005434782608696
16 0.133 0.21739130434782608 0.05533333333333333 0.11141304347826086
11 0.30366666666666664 0.358695652173913 0.07933333333333334 0.10054347826086957
11 0.31333333333333335 0.26154891304347827 0.08066666666666666 0.09918478260869565
11 0.5406666666666666 0.46535326086956524 0.07733333333333334 0.09103260869565218
10 0.20066666666666666 0.23505434782608695 0.058 0.10461956521739131