11 0.5491666666666667 0.7227979274611399 0.035 0.05872193436960276
11 0.55375 0.7694300518134715 0.0325 0.055267702936096716
11 0.49916666666666665 0.7832469775474957 0.0375 0.06044905008635579
11 0.50375 0.8298791018998273 0.035833333333333335 0.05699481865284974
0 0.5970833333333333 0.6001727115716753 0.043333333333333335 0.08981001727115717
11 0.60375 0.6614853195164075 0.035 0.05699481865284974
11 0.6075 0.7037996545768567 0.035833333333333335 0.05699481865284974
3 0.44333333333333336 0.9058721934369602 0.051666666666666666 0.08981001727115717
16 0.6366666666666667 0.5146804835924007 0.028333333333333332 0.055267702936096716
16 0.6629166666666667 0.48186528497409326 0.028333333333333332 0.05872193436960276
16 0.6425 0.5794473229706391 0.025833333333333333 0.0535405872193437
16 0.6679166666666667 0.5500863557858376 0.025833333333333333 0.0535405872193437
16 0.6491666666666667 0.6450777202072538 0.025833333333333333 0.05699481865284974
16 0.6745833333333333 0.613126079447323 0.025 0.05181347150259067
4 0.3570833333333333 0.9032815198618307 0.03 0.06563039723661486
4 0.36791666666666667 0.9749568221070811 0.0325 0.046632124352331605