11 0.46208333333333335 0.26770293609671847 0.03333333333333333 0.05181347150259067
11 0.46 0.22020725388601037 0.030833333333333334 0.05008635578583765
11 0.5154166666666666 0.21848013816925735 0.035 0.0535405872193437
11 0.5129166666666667 0.17098445595854922 0.034166666666666665 0.05008635578583765
0 0.4083333333333333 0.3799654576856649 0.04 0.08290155440414508
11 0.405 0.3169257340241796 0.03333333333333333 0.05008635578583765
11 0.4033333333333333 0.27374784110535405 0.034166666666666665 0.05008635578583765
3 0.5766666666666667 0.10880829015544041 0.04833333333333333 0.08117443868739206
16 0.3645833333333333 0.45595854922279794 0.025833333333333333 0.05008635578583765
16 0.33708333333333335 0.48272884283246975 0.025833333333333333 0.0535405872193437
16 0.3625 0.38946459412780654 0.024166666666666666 0.04835924006908463
16 0.33541666666666664 0.41364421416234887 0.024166666666666666 0.04835924006908463
16 0.3591666666666667 0.3238341968911917 0.023333333333333334 0.0535405872193437
16 0.33208333333333334 0.34974093264248707 0.023333333333333334 0.04835924006908463
4 0.6625 0.12953367875647667 0.0275 0.06044905008635579
4 0.65625 0.046632124352331605 0.029166666666666667 0.06044905008635579