11 0.61625 0.45509499136442144 0.024166666666666666 0.06735751295336788
11 0.6391666666666667 0.45682210708117443 0.023333333333333334 0.06217616580310881
11 0.6325 0.5708117443868739 0.025 0.07081174438687392
11 0.6554166666666666 0.572538860103627 0.023333333333333334 0.0690846286701209
0 0.5704166666666667 0.3290155440414508 0.03833333333333333 0.07944732297063903
11 0.6008333333333333 0.3298791018998273 0.023333333333333334 0.06735751295336788
11 0.6216666666666667 0.3333333333333333 0.023333333333333334 0.0690846286701209
3 0.67625 0.7115716753022453 0.0375 0.09844559585492228
16 0.54 0.22884283246977546 0.023333333333333334 0.05181347150259067
16 0.5308333333333334 0.16753022452504318 0.025 0.05181347150259067
16 0.5716666666666667 0.23316062176165803 0.0225 0.04835924006908463
16 0.5641666666666667 0.17443868739205526 0.0225 0.04835924006908463
16 0.60375 0.23575129533678757 0.025 0.046632124352331605
16 0.595 0.17616580310880828 0.0225 0.046632124352331605
4 0.6541666666666667 0.885146804835924 0.029166666666666667 0.055267702936096716
4 0.6945833333333333 0.883419689119171 0.028333333333333332 0.05872193436960276