4 0.06982421875 0.7067307692307693 0.06884765625 0.21474358974358973
16 0.868896484375 0.39503205128205127 0.05126953125 0.16826923076923078
16 0.945556640625 0.40625 0.05126953125 0.16666666666666666
16 0.8662109375 0.6225961538461539 0.04931640625 0.16185897435897437
16 0.94140625 0.6322115384615384 0.05126953125 0.16346153846153846
16 0.862548828125 0.8477564102564102 0.05126953125 0.16826923076923078
16 0.938720703125 0.8597756410256411 0.05078125 0.16506410256410256
1 0.465087890625 0.5440705128205128 0.09814453125 0.1346153846153846
17 0.459716796875 0.844551282051282 0.1181640625 0.15384615384615385
14 0.2509765625 0.7876602564102564 0.15185546875 0.1762820512820513
15 0.256103515625 0.4583333333333333 0.09912109375 0.16666666666666666
11 0.0771484375 0.30849358974358976 0.08203125 0.1346153846153846
11 0.074462890625 0.48157051282051283 0.0830078125 0.14102564102564102
11 0.615478515625 0.3076923076923077 0.08203125 0.1346153846153846
11 0.61181640625 0.4775641025641026 0.08251953125 0.1362179487179487
11 0.75244140625 0.7099358974358975 0.0830078125 0.12980769230769232
11 0.75 0.8814102564102564 0.0830078125 0.12980769230769232
0 0.75634765625 0.4671474358974359 0.09619140625 0.2419871794871795
6 0.60693359375 0.8525641025641025 0.10107421875 0.13942307692307693
8 0.60888671875 0.6650641025641025 0.08544921875 0.16506410256410256
10 0.4697265625 0.2860576923076923 0.05810546875 0.14743589743589744