0 0.48671875 0.5 0.11953125 0.175
1 0.6125 0.1798611111111111 0.1171875 0.11527777777777778
4 0.958203125 0.3388888888888889 0.07578125 0.14166666666666666
11 0.937109375 0.19305555555555556 0.08046875 0.09583333333333334
11 0.925 0.08541666666666667 0.08046875 0.09027777777777778
11 0.6453125 0.46041666666666664 0.1 0.10277777777777777
11 0.63359375 0.3548611111111111 0.1 0.10416666666666667
11 0.46953125 0.34652777777777777 0.10078125 0.1111111111111111
11 0.457421875 0.24513888888888888 0.096875 0.1
16 0.09296875 0.7381944444444445 0.0671875 0.12083333333333333
16 0.074609375 0.5854166666666667 0.06484375 0.11805555555555555
16 0.057421875 0.42777777777777776 0.06328125 0.10833333333333334
16 0.77734375 0.34375 0.05703125 0.10138888888888889
12 0.247265625 0.3104166666666667 0.0625 0.08194444444444444
15 0.278125 0.5944444444444444 0.12734375 0.14583333333333334
10 0.755859375 0.16319444444444445 0.0703125 0.11944444444444445