15 0.718505859375 0.479502196193265 0.1337890625 0.15739385065885797
0 0.243896484375 0.4169106881405564 0.09814453125 0.13689604685212298
1 0.54443359375 0.2792825768667643 0.0986328125 0.10322108345534407
11 0.367431640625 0.4747437774524158 0.083984375 0.10029282576866765
11 0.3798828125 0.40483162518301613 0.08203125 0.09443631039531479
11 0.392333984375 0.33784773060029283 0.07958984375 0.08711566617862372
11 0.4033203125 0.27159590043923865 0.0791015625 0.09224011713030747
11 0.26123046875 0.3246705710102489 0.07470703125 0.08857979502196194
11 0.274169921875 0.26061493411420206 0.07373046875 0.08565153733528551
11 0.515380859375 0.4615666178623719 0.0888671875 0.09736456808199122
11 0.52783203125 0.3890922401171303 0.0869140625 0.09297218155197658
4 0.914794921875 0.48938506588579794 0.07666015625 0.11054172767203514
4 0.92919921875 0.35175695461200585 0.07568359375 0.10980966325036604
14 0.74560546875 0.2931918008784773 0.185546875 0.19399707174231332
16 0.13525390625 0.43923865300146414 0.06005859375 0.09224011713030747
16 0.072509765625 0.43045387994143486 0.060546875 0.09077598828696926
16 0.154296875 0.3579795021961933 0.064453125 0.0951683748169839
16 0.092041015625 0.35212298682284043 0.0615234375 0.09004392386530015
16 0.11279296875 0.2679355783308931 0.0625 0.09370424597364568
10 0.169189453125 0.25805270863836016 0.046875 0.07247437774524158