15 0.44873046875 0.18045387994143486 0.0869140625 0.18594436310395315
0 0.489990234375 0.8923865300146413 0.07958984375 0.13177159590043924
1 0.347412109375 0.47218155197657397 0.05517578125 0.1398243045387994
11 0.506591796875 0.6994875549048316 0.0556640625 0.116398243045388
11 0.45849609375 0.6932650073206442 0.05224609375 0.11493411420204978
11 0.412353515625 0.6866764275256223 0.046875 0.11200585651537336
11 0.366943359375 0.681918008784773 0.05078125 0.10980966325036604
11 0.426513671875 0.8825036603221084 0.048828125 0.10395314787701318
11 0.38232421875 0.8744509516837482 0.046875 0.10322108345534407
11 0.47216796875 0.4835285505124451 0.052734375 0.12518301610541727
11 0.422607421875 0.47767203513909223 0.05029296875 0.12225475841874085
14 0.32177734375 0.17276720351390923 0.10302734375 0.2635431918008785