15 0.71435546875 0.4341142020497804 0.1259765625 0.13616398243045388
0 0.23876953125 0.47108345534407026 0.09033203125 0.12298682284040996
1 0.523681640625 0.2719619326500732 0.09423828125 0.08711566617862372
11 0.366455078125 0.5025622254758418 0.0791015625 0.08711566617862372
11 0.372314453125 0.4308199121522694 0.07763671875 0.08125915080527087
11 0.37841796875 0.36200585651537337 0.07568359375 0.0739385065885798
11 0.383056640625 0.2939238653001464 0.07470703125 0.07979502196193265
11 0.247314453125 0.3759150805270864 0.07080078125 0.07686676427525622
11 0.25439453125 0.31002928257686674 0.06982421875 0.0739385065885798
11 0.51171875 0.4586383601756955 0.08447265625 0.08272327964860908
11 0.517333984375 0.38433382137628114 0.0830078125 0.07906295754026355
4 0.909912109375 0.40300146412884336 0.0703125 0.09956076134699854
4 0.911376953125 0.263909224011713 0.0693359375 0.09956076134699854
14 0.72412109375 0.24414348462664714 0.17822265625 0.16325036603221083
16 0.133056640625 0.5157393850658858 0.05419921875 0.0841874084919473
16 0.0703125 0.5204978038067349 0.05517578125 0.08272327964860908
16 0.14453125 0.4315519765739385 0.05859375 0.08638360175695461
16 0.08251953125 0.438506588579795 0.05615234375 0.08125915080527087
16 0.094970703125 0.3510248901903367 0.05712890625 0.0849194729136164
10 0.14990234375 0.3294289897510981 0.0419921875 0.06661786237188873