0 0.161 0.5232828870779976 0.061 0.1490104772991851
0 0.319 0.559371362048894 0.062 0.15832363213038417
1 0.085 0.7089639115250291 0.052 0.08498253783469151
17 0.075 0.5640279394644936 0.059 0.10011641443538999
11 0.16875 0.6443538998835856 0.0515 0.09545983701979045
11 0.1745 0.7316647264260768 0.048 0.0919674039580908
11 0.24575 0.6647264260768335 0.05 0.09545983701979045
11 0.32575 0.6821885913853318 0.0535 0.10360884749708964
11 0.33225 0.7712456344586729 0.052 0.0989522700814901
12 0.25525 0.7526193247962747 0.034 0.05587892898719441
16 0.485 0.559953434225844 0.0365 0.09313154831199069
16 0.53425 0.5710128055878929 0.037 0.09662398137369034
16 0.49225 0.6798603026775321 0.036 0.09080325960419092
16 0.54225 0.6903376018626309 0.0385 0.09545983701979045
16 0.55025 0.8096623981373691 0.038 0.09545983701979045
10 0.50075 0.8015133876600699 0.042 0.1140861466821886