0 0.8385 0.44935972060535506 0.063 0.15250291036088476
0 0.68 0.42607683352735737 0.0635 0.16181606519208383
1 0.91175 0.2572759022118743 0.0525 0.08847497089639116
17 0.92375 0.40162980209545984 0.0595 0.10360884749708964
11 0.829 0.32828870779976715 0.0525 0.0989522700814901
11 0.82175 0.2421420256111758 0.049 0.09429569266589057
11 0.75175 0.3149010477299185 0.051 0.0989522700814901
11 0.67125 0.30384167636786963 0.0545 0.10710128055878929
11 0.66375 0.21536670547147846 0.053 0.10244470314318975
12 0.741 0.2281722933643772 0.0345 0.05820721769499418
16 0.514 0.43888242142025613 0.0375 0.09545983701979045
16 0.46475 0.4318975552968568 0.038 0.0989522700814901
16 0.505 0.31955762514551805 0.037 0.09313154831199069
16 0.455 0.3137369033760186 0.0395 0.09778812572759023
16 0.44525 0.19441210710128057 0.039 0.09778812572759023
10 0.49475 0.1990686845168801 0.043 0.11641443538998836