11 0.9099774943735934 0.32175 0.05326331582895724 0.013
11 0.9107276819204801 0.3365 0.04951237809452363 0.016
1 0.8064516129032258 0.3115 0.06151537884471118 0.012
11 0.7126781695423856 0.304 0.05926481620405101 0.014
11 0.7145536384096024 0.3185 0.05326331582895724 0.014
11 0.6309077269317329 0.29675 0.05701425356339085 0.0155
11 0.6260315078769693 0.3115 0.05701425356339085 0.015
0 0.6237809452363091 0.329 0.06751687921980495 0.0255
16 0.5491372843210802 0.28975 0.04576144036009002 0.021
16 0.5468867216804201 0.307 0.047261815453863466 0.0205
16 0.5453863465866466 0.325 0.04351087771942986 0.0215