4 0.9752438109527382 0.28875 0.037509377344336084 0.017
4 0.9789947486871718 0.31375 0.03150787696924231 0.018
11 0.8687171792948237 0.2855 0.051762940735183796 0.0095
11 0.8724681170292573 0.3 0.04801200300075019 0.0125
1 0.764066016504126 0.285 0.060765191297824456 0.0075
11 0.6695423855963991 0.28625 0.05776444111027757 0.01
11 0.6744186046511628 0.3005 0.051762940735183796 0.0105
11 0.5870217554388597 0.28675 0.0555138784696174 0.0115
11 0.5855213803450863 0.30175 0.0555138784696174 0.011
0 0.5866466616654163 0.31925 0.06526631657914479 0.021
16 0.5045011252813203 0.28725 0.04351087771942986 0.018
16 0.5060015003750937 0.30475 0.0450112528132033 0.0175
16 0.5086271567891973 0.32225 0.04126031507876969 0.019