4 0.2798199549887472 0.14775 0.03075768942235559 0.0285
4 0.3177044261065266 0.1475 0.03225806451612903 0.0295
11 0.25431357839459867 0.21775 0.02250562640660165 0.0355
11 0.27644411102775696 0.218 0.02625656414103526 0.0335
1 0.2336834208552138 0.28625 0.021005251312828207 0.041
11 0.2175543885971493 0.34825 0.024006001500375095 0.0395
11 0.23930982745686422 0.34775 0.024006001500375095 0.0355
11 0.20255063765941486 0.40225 0.02625656414103526 0.0385
11 0.2243060765191298 0.40625 0.025506376594148537 0.0385
0 0.2501875468867217 0.40875 0.04126031507876969 0.046
16 0.18754688672168043 0.4565 0.033008252063015754 0.031
16 0.21342835708927232 0.45875 0.033008252063015754 0.032
16 0.24006001500375093 0.4605 0.0345086271567892 0.03