16 0.43083333333333335 0.5012853470437018 0.02666666666666667 0.03598971722365039
16 0.4025 0.5051413881748072 0.021666666666666667 0.033419023136246784
16 0.37583333333333335 0.5077120822622108 0.021666666666666667 0.033419023136246784
4 0.4625 0.010282776349614395 0.025 0.017994858611825194
4 0.43166666666666664 0.016709511568123392 0.025 0.02056555269922879
3 0.41333333333333333 0.09383033419023136 0.03166666666666667 0.06683804627249357
15 0.39666666666666667 0.2275064267352185 0.02666666666666667 0.061696658097686374
5 0.4475 0.15295629820051415 0.05333333333333334 0.14910025706940874
11 0.4066666666666667 0.34318766066838047 0.025 0.05398457583547558
11 0.3883333333333333 0.34575835475578404 0.021666666666666667 0.05141388174807198
11 0.3983333333333333 0.4241645244215938 0.023333333333333334 0.05141388174807198
11 0.38083333333333336 0.4267352185089974 0.02 0.05141388174807198
0 0.42333333333333334 0.4190231362467866 0.03333333333333333 0.061696658097686374