16 0.5691666666666667 0.4897172236503856 0.028333333333333332 0.038560411311053984
16 0.5975 0.480719794344473 0.023333333333333334 0.03598971722365039
16 0.6233333333333333 0.4755784061696658 0.023333333333333334 0.03598971722365039
4 0.565 0.9832904884318766 0.023333333333333334 0.015424164524421594
4 0.5958333333333333 0.9717223650385605 0.025 0.017994858611825194
3 0.6091666666666666 0.8920308483290489 0.035 0.06940874035989718
15 0.6183333333333333 0.7583547557840618 0.028333333333333332 0.06426735218508997
5 0.5725 0.8393316195372751 0.06 0.15167095115681234
11 0.6016666666666667 0.6439588688946015 0.028333333333333332 0.056555269922879174
11 0.6191666666666666 0.6388174807197944 0.025 0.05398457583547558
11 0.6058333333333333 0.5616966580976864 0.02666666666666667 0.05398457583547558
11 0.6225 0.5565552699228792 0.023333333333333334 0.05398457583547558
0 0.5816666666666667 0.570694087403599 0.035 0.06426735218508997