16 0.5166666666666667 0.39588688946015427 0.023333333333333334 0.043701799485861184
16 0.5216666666666666 0.35347043701799485 0.023333333333333334 0.03598971722365039
16 0.5275 0.31233933161953725 0.023333333333333334 0.03598971722365039
4 0.8258333333333333 0.5732647814910026 0.02666666666666667 0.038560411311053984
4 0.8283333333333334 0.5244215938303342 0.02666666666666667 0.038560411311053984
3 0.7766666666666666 0.4755784061696658 0.043333333333333335 0.04884318766066838
15 0.6975 0.41645244215938304 0.041666666666666664 0.04113110539845758
5 0.7308333333333333 0.5115681233933161 0.09666666666666666 0.08226221079691516
11 0.6225 0.4023136246786632 0.03666666666666667 0.04113110539845758
11 0.625 0.3740359897172236 0.03333333333333333 0.03598971722365039
11 0.5733333333333334 0.3676092544987147 0.03333333333333333 0.038560411311053984
11 0.5766666666666667 0.34190231362467866 0.03333333333333333 0.033419023136246784
0 0.5708333333333333 0.40616966580976865 0.04 0.05141388174807198