15 0.41454545454545455 0.3825503355704698 0.10727272727272727 0.2550335570469799
0 0.7345454545454545 0.5738255033557047 0.10909090909090909 0.3288590604026846
1 0.1890909090909091 0.6140939597315436 0.09454545454545454 0.19463087248322147
11 0.5945454545454546 0.7315436241610739 0.08363636363636363 0.18791946308724833
11 0.7190909090909091 0.8422818791946308 0.08727272727272728 0.19463087248322147
11 0.5836363636363636 0.9093959731543624 0.08727272727272728 0.16778523489932887
11 0.7072727272727273 0.9630872483221476 0.08727272727272728 0.06040268456375839
14 0.3936363636363636 0.7516778523489933 0.15636363636363637 0.28187919463087246
4 0.09181818181818181 0.12080536912751678 0.07818181818181819 0.24161073825503357
4 0.07090909090909091 0.4261744966442953 0.07454545454545454 0.26174496644295303
16 0.8518181818181818 0.5704697986577181 0.056363636363636366 0.2080536912751678
16 0.9254545454545454 0.6241610738255033 0.056363636363636366 0.2080536912751678
16 0.8354545454545454 0.8154362416107382 0.05818181818181818 0.2080536912751678
16 0.91 0.8758389261744967 0.056363636363636366 0.21476510067114093