15 0.5863636363636363 0.6006711409395973 0.10727272727272727 0.2348993288590604
0 0.26454545454545453 0.47315436241610737 0.10727272727272727 0.31543624161073824
1 0.8090909090909091 0.32550335570469796 0.09272727272727273 0.174496644295302
11 0.4018181818181818 0.28523489932885904 0.08363636363636363 0.174496644295302
11 0.27636363636363637 0.20134228187919462 0.08727272727272728 0.18120805369127516
11 0.4109090909090909 0.09395973154362416 0.08545454545454545 0.174496644295302
11 0.2872727272727273 0.050335570469798654 0.08727272727272728 0.10067114093959731
14 0.6027272727272728 0.22818791946308725 0.15636363636363637 0.2550335570469799
4 0.9145454545454546 0.8288590604026845 0.07454545454545454 0.2751677852348993
4 0.93 0.4899328859060403 0.07272727272727272 0.2550335570469799
16 0.14727272727272728 0.5 0.05454545454545454 0.20134228187919462
16 0.07363636363636364 0.4563758389261745 0.05454545454545454 0.20134228187919462
16 0.16 0.2516778523489933 0.056363636363636366 0.20134228187919462
16 0.08454545454545455 0.20134228187919462 0.05454545454545454 0.2080536912751678
16 0.1709090909090909 0.053691275167785234 0.05818181818181818 0.10738255033557047
16 0.09727272727272727 0.03355704697986577 0.056363636363636366 0.06711409395973154