16 0.29846938775510207 0.5393772893772893 0.02857142857142857 0.05311355311355311
16 0.3239795918367347 0.5677655677655677 0.02857142857142857 0.04945054945054945
16 0.2954081632653061 0.5833333333333334 0.02959183673469388 0.04945054945054945
16 0.3198979591836735 0.6117216117216118 0.02857142857142857 0.04945054945054945
16 0.2903061224489796 0.6254578754578755 0.027551020408163266 0.047619047619047616
16 0.3153061224489796 0.6547619047619048 0.027551020408163266 0.04945054945054945
4 0.04387755102040816 0.26282051282051283 0.027551020408163266 0.04945054945054945
4 0.04030612244897959 0.32051282051282054 0.025510204081632654 0.047619047619047616
5 0.11632653061224489 0.35714285714285715 0.09897959183673469 0.11721611721611722
0 0.21275510204081632 0.45787545787545786 0.04387755102040816 0.07142857142857142
0 0.2576530612244898 0.5082417582417582 0.04795918367346939 0.07509157509157509
11 0.2096938775510204 0.5045787545787546 0.036734693877551024 0.056776556776556776
11 0.2530612244897959 0.5586080586080586 0.036734693877551024 0.05311355311355311
11 0.25051020408163266 0.5888278388278388 0.03469387755102041 0.047619047619047616
11 0.2076530612244898 0.5384615384615384 0.0326530612244898 0.05128205128205128
3 0.14489795918367346 0.4716117216117216 0.04693877551020408 0.07142857142857142
10 0.09795918367346938 0.3956043956043956 0.025510204081632654 0.045787545787545784
9 0.0673469387755102 0.37454212454212454 0.018367346938775512 0.027472527472527472