16 0.4010204081632653 0.18315018315018314 0.027551020408163266 0.047619047619047616
16 0.3964285714285714 0.23534798534798534 0.025510204081632654 0.047619047619047616
16 0.37704081632653064 0.19413919413919414 0.025510204081632654 0.04945054945054945
16 0.37244897959183676 0.24633699633699635 0.025510204081632654 0.047619047619047616
16 0.3535714285714286 0.2032967032967033 0.024489795918367346 0.045787545787545784
16 0.34846938775510206 0.2554945054945055 0.025510204081632654 0.045787545787545784
0 0.411734693877551 0.03021978021978022 0.03469387755102041 0.03296703296703297
0 0.4010204081632653 0.10347985347985347 0.03775510204081633 0.08058608058608059
11 0.3862244897959184 0.037545787545787544 0.027551020408163266 0.03296703296703297
11 0.373469387755102 0.11446886446886446 0.025510204081632654 0.0641025641025641
11 0.35714285714285715 0.1227106227106227 0.02346938775510204 0.05860805860805861
11 0.3673469387755102 0.04304029304029304 0.024489795918367346 0.0347985347985348