16 0.6112244897959184 0.8040293040293041 0.02857142857142857 0.04945054945054945
16 0.6137755102040816 0.7509157509157509 0.026530612244897958 0.04945054945054945
16 0.6341836734693878 0.7893772893772893 0.027551020408163266 0.05128205128205128
16 0.6372448979591837 0.7371794871794872 0.026530612244897958 0.04945054945054945
16 0.6576530612244897 0.7774725274725275 0.025510204081632654 0.047619047619047616
16 0.6607142857142857 0.7252747252747253 0.026530612244897958 0.047619047619047616
0 0.6071428571428571 0.956959706959707 0.03469387755102041 0.03296703296703297
0 0.6142857142857143 0.8836996336996337 0.04081632653061224 0.08424908424908426
11 0.6326530612244898 0.9459706959706959 0.027551020408163266 0.0347985347985348
11 0.6413265306122449 0.8681318681318682 0.027551020408163266 0.06593406593406594
11 0.6571428571428571 0.858058608058608 0.025510204081632654 0.06043956043956044
11 0.6510204081632653 0.9377289377289377 0.025510204081632654 0.0347985347985348