0 0.485546875 0.2359375 0.034375 0.04791666666666667
11 0.484765625 0.1203125 0.02109375 0.03854166666666667
11 0.50625 0.0203125 0.02109375 0.03854166666666667
11 0.4890625 0.01875 0.021875 0.0375
11 0.465234375 0.12083333333333333 0.02109375 0.041666666666666664
11 0.472265625 0.1796875 0.0234375 0.0375
11 0.451171875 0.17864583333333334 0.02109375 0.0375
11 0.458203125 0.23645833333333333 0.0203125 0.0375
11 0.437890625 0.23489583333333333 0.0203125 0.041666666666666664
16 0.473828125 0.31354166666666666 0.02265625 0.027083333333333334
16 0.45 0.3125 0.021875 0.027083333333333334
16 0.426171875 0.31354166666666666 0.02109375 0.026041666666666668