4 0.90390625 0.6213541666666667 0.02421875 0.0375
4 0.908203125 0.5776041666666667 0.02421875 0.03958333333333333
0 0.6984375 0.5130208333333334 0.0390625 0.05
11 0.784375 0.5265625 0.03046875 0.03229166666666667
11 0.85625 0.5666666666666667 0.03046875 0.03229166666666667
11 0.859375 0.5442708333333334 0.0296875 0.03333333333333333
11 0.786328125 0.5 0.0328125 0.03229166666666667
11 0.741796875 0.5026041666666666 0.03046875 0.034375
11 0.7453125 0.4744791666666667 0.0296875 0.03229166666666667
11 0.7015625 0.4765625 0.0296875 0.03125
11 0.7046875 0.45 0.0328125 0.03125
16 0.6421875 0.48802083333333335 0.02265625 0.03229166666666667
16 0.6453125 0.45677083333333335 0.02265625 0.03125
16 0.64765625 0.425 0.021875 0.030208333333333334