0 0.502734375 0.23541666666666666 0.03671875 0.051041666666666666
11 0.509765625 0.11979166666666667 0.0234375 0.040625
11 0.537890625 0.022916666666666665 0.0234375 0.040625
11 0.52109375 0.019791666666666666 0.025 0.03958333333333333
11 0.490234375 0.11822916666666666 0.0234375 0.04375
11 0.493359375 0.178125 0.025 0.03958333333333333
11 0.47265625 0.17395833333333333 0.0234375 0.03958333333333333
11 0.475390625 0.23229166666666667 0.02265625 0.03854166666666667
11 0.45546875 0.22864583333333333 0.02265625 0.042708333333333334
16 0.4859375 0.3109375 0.02421875 0.029166666666666667
16 0.4625 0.3078125 0.0234375 0.029166666666666667
16 0.438671875 0.30572916666666666 0.02265625 0.028125