0 0.3836734693877551 0.16183986371379896 0.04387755102040816 0.08006814310051108
0 0.37755102040816324 0.2555366269165247 0.04183673469387755 0.07836456558773425
11 0.35714285714285715 0.17291311754684838 0.02959183673469388 0.059625212947189095
11 0.35051020408163264 0.26490630323679726 0.030612244897959183 0.06132879045996593
11 0.34183673469387754 0.17717206132879046 0.02959183673469388 0.06303236797274275
11 0.3346938775510204 0.272572402044293 0.02857142857142857 0.06303236797274275
16 0.4030612244897959 0.03236797274275979 0.02346938775510204 0.02385008517887564
16 0.3964285714285714 0.07240204429301533 0.025510204081632654 0.04258943781942078
16 0.3790816326530612 0.041737649063032366 0.02346938775510204 0.02385008517887564
16 0.37295918367346936 0.08006814310051108 0.024489795918367346 0.04088586030664395
16 0.3494897959183674 0.08943781942078365 0.027551020408163266 0.04599659284497445
10 0.3525510204081633 0.05110732538330494 0.024489795918367346 0.02385008517887564