4 0.9739795918367347 0.5919931856899489 0.02346938775510204 0.039182282793867124
4 0.9739795918367347 0.5366269165247018 0.024489795918367346 0.04088586030664395
0 0.7275510204081632 0.4131175468483816 0.04285714285714286 0.06473594548551959
0 0.6760204081632653 0.37649063032367974 0.04285714285714286 0.06132879045996593
11 0.7290816326530613 0.3679727427597956 0.0336734693877551 0.04258943781942078
11 0.6785714285714286 0.33049403747870526 0.03469387755102041 0.04258943781942078
11 0.7311224489795919 0.3415672913117547 0.03469387755102041 0.04088586030664395
11 0.6785714285714286 0.3023850085178876 0.03469387755102041 0.039182282793867124
16 0.8025510204081633 0.48126064735945484 0.02142857142857143 0.03747870528109029
16 0.7755102040816326 0.4599659284497445 0.022448979591836733 0.03747870528109029
16 0.8051020408163265 0.44122657580919933 0.022448979591836733 0.03747870528109029
16 0.7775510204081633 0.4199318568994889 0.02142857142857143 0.03577512776831346
16 0.7790816326530612 0.3798977853492334 0.024489795918367346 0.04088586030664395
11 0.8448979591836735 0.4565587734241908 0.03163265306122449 0.039182282793867124
11 0.8454081632653061 0.424190800681431 0.03163265306122449 0.04088586030664395
12 0.8892857142857142 0.45741056218057924 0.022448979591836733 0.028960817717206135
10 0.8081632653061225 0.3969335604770017 0.024489795918367346 0.04088586030664395
8 0.8438775510204082 0.4948892674616695 0.030612244897959183 0.044293015332197615