4 0.976530612244898 0.46678023850085176 0.024489795918367346 0.04088586030664395
4 0.9719387755102041 0.4122657580919932 0.024489795918367346 0.04258943781942078
0 0.7168367346938775 0.3543441226575809 0.04387755102040816 0.06473594548551959
0 0.6622448979591836 0.3321976149914821 0.04387755102040816 0.06132879045996593
11 0.7137755102040816 0.3100511073253833 0.0336734693877551 0.044293015332197615
11 0.6602040816326531 0.28620102214650767 0.03469387755102041 0.044293015332197615
11 0.713265306122449 0.2836456558773424 0.03571428571428571 0.04258943781942078
11 0.6576530612244897 0.2580919931856899 0.03571428571428571 0.04088586030664395
16 0.7969387755102041 0.4028960817717206 0.022448979591836733 0.039182282793867124
16 0.7683673469387755 0.38841567291311757 0.02346938775510204 0.039182282793867124
16 0.7959183673469388 0.36201022146507666 0.02346938775510204 0.039182282793867124
16 0.7663265306122449 0.348381601362862 0.022448979591836733 0.03747870528109029
16 0.7642857142857142 0.3083475298126065 0.025510204081632654 0.04088586030664395
11 0.8367346938775511 0.36712095400340716 0.0326530612244898 0.04088586030664395
11 0.8341836734693877 0.33475298126064734 0.0326530612244898 0.04258943781942078
12 0.8806122448979592 0.35604770017035775 0.022448979591836733 0.030664395229982964
10 0.7948979591836735 0.31771720613287907 0.025510204081632654 0.04088586030664395
8 0.8392857142857143 0.40545144804088584 0.030612244897959183 0.044293015332197615