12 0.422 0.6065 0.052 0.03
0 0.6195 0.4705 0.089 0.082
1 0.3105 0.6245 0.087 0.047
11 0.1915 0.5915 0.077 0.048
11 0.198 0.6355 0.077 0.048
11 0.4155 0.5555 0.073 0.044
11 0.628 0.527 0.078 0.042
11 0.6345 0.5725 0.073 0.045
11 0.5175 0.5455 0.076 0.041
11 0.5235 0.5895 0.07 0.042
16 0.776 0.421 0.047 0.048
16 0.84 0.409 0.047 0.047
16 0.7855 0.4785 0.048 0.049
16 0.8485 0.467 0.047 0.049
16 0.8575 0.5265 0.045 0.051
17 0.3015 0.56 0.102 0.053
4 0.183 0.5265 0.058 0.063
10 0.7955 0.5415 0.052 0.054