4 0.9418181818181818 0.49001996007984033 0.11272727272727273 0.05189620758483034
4 0.92 0.5469061876247505 0.10181818181818182 0.0499001996007984
16 0.8309090909090909 0.48602794411177647 0.06909090909090909 0.031936127744510975
15 0.6054545454545455 0.4530938123752495 0.12727272727272726 0.043912175648702596
11 0.39636363636363636 0.41916167664670656 0.10181818181818182 0.03592814371257485
11 0.39636363636363636 0.45109780439121755 0.10545454545454545 0.03592814371257485
11 0.24363636363636362 0.40219560878243515 0.10545454545454545 0.033932135728542916
11 0.23272727272727273 0.43213572854291415 0.09454545454545454 0.033932135728542916
0 0.22545454545454546 0.47305389221556887 0.11636363636363636 0.05189620758483034
16 0.11636363636363636 0.3962075848303393 0.08 0.041916167664670656
16 0.10363636363636364 0.4341317365269461 0.08 0.03992015968063872
16 0.09636363636363636 0.4740518962075848 0.07272727272727272 0.03592814371257485