4 0.94 0.4780439121756487 0.10909090909090909 0.0499001996007984
4 0.9236363636363636 0.5349301397205589 0.09818181818181818 0.04790419161676647
16 0.8290909090909091 0.47704590818363274 0.06909090909090909 0.029940119760479042
15 0.6 0.4500998003992016 0.12727272727272726 0.03992015968063872
11 0.38727272727272727 0.4221556886227545 0.10181818181818182 0.033932135728542916
11 0.39090909090909093 0.4540918163672655 0.10545454545454545 0.033932135728542916
11 0.23454545454545456 0.4091816367265469 0.10545454545454545 0.031936127744510975
11 0.22727272727272727 0.44011976047904194 0.09454545454545454 0.031936127744510975
0 0.22363636363636363 0.4810379241516966 0.11272727272727273 0.0499001996007984
16 0.10727272727272727 0.40718562874251496 0.07636363636363637 0.03992015968063872
16 0.09818181818181818 0.44610778443113774 0.07636363636363637 0.03792415169660679
16 0.09272727272727273 0.48602794411177647 0.06909090909090909 0.033932135728542916