4 0.5636363636363636 0.7405189620758483 0.08727272727272728 0.05788423153692615
4 0.4581818181818182 0.7345309381237525 0.08 0.05189620758483034
16 0.5581818181818182 0.6786427145708582 0.05454545454545454 0.03592814371257485
15 0.5963636363636363 0.5528942115768463 0.06545454545454546 0.06786427145708583
11 0.6345454545454545 0.4341317365269461 0.05818181818181818 0.05389221556886228
11 0.5781818181818181 0.43812375249500995 0.05818181818181818 0.05588822355289421
11 0.6509090909090909 0.3502994011976048 0.05454545454545454 0.05588822355289421
11 0.5945454545454546 0.3473053892215569 0.05090909090909091 0.0499001996007984
0 0.52 0.3473053892215569 0.08727272727272728 0.059880239520958084
16 0.649090909090909 0.27944111776447106 0.06909090909090909 0.041916167664670656
16 0.5781818181818181 0.27644710578842313 0.06545454545454546 0.041916167664670656
16 0.5036363636363637 0.27644710578842313 0.06181818181818182 0.03592814371257485