16 0.944 0.6496815286624203 0.066 0.20382165605095542
16 0.854 0.678343949044586 0.066 0.21656050955414013
16 0.935 0.37261146496815284 0.06 0.1910828025477707
16 0.848 0.39490445859872614 0.068 0.21656050955414013
16 0.924 0.10191082802547771 0.068 0.20382165605095542
16 0.839 0.11464968152866242 0.062 0.20382165605095542
4 0.731 0.5095541401273885 0.076 0.24203821656050956
4 0.719 0.1751592356687898 0.076 0.2356687898089172
3 0.542 0.6369426751592356 0.138 0.25477707006369427
15 0.528 0.21019108280254778 0.118 0.19745222929936307
11 0.232 0.45222929936305734 0.092 0.1464968152866242
11 0.091 0.5095541401273885 0.094 0.14012738853503184
11 0.225 0.2643312101910828 0.092 0.1337579617834395
11 0.085 0.3184713375796178 0.092 0.1464968152866242
0 0.094 0.7484076433121019 0.108 0.2611464968152866
10 0.342 0.27070063694267515 0.062 0.16560509554140126