0 0.2515 0.4775 0.102 0.14666666666666667
1 0.5485 0.37833333333333335 0.095 0.09
11 0.8825 0.7466666666666667 0.085 0.09333333333333334
11 0.894 0.6625 0.083 0.09166666666666666
11 0.401 0.415 0.088 0.09333333333333334
11 0.413 0.3308333333333333 0.084 0.08833333333333333
11 0.2685 0.36083333333333334 0.083 0.08666666666666667
11 0.2775 0.2783333333333333 0.083 0.08333333333333333
13 0.7435 0.46416666666666667 0.149 0.12833333333333333
15 0.7125 0.6616666666666666 0.111 0.12
4 0.9075 0.555 0.075 0.12333333333333334
16 0.1405 0.48 0.054 0.09166666666666666
16 0.07 0.45416666666666666 0.055 0.09333333333333334
16 0.1555 0.3725 0.055 0.09666666666666666
16 0.086 0.345 0.056 0.09
16 0.17 0.265 0.054 0.09166666666666666
16 0.1005 0.23833333333333334 0.057 0.095