16 0.226171875 0.6527777777777778 0.0453125 0.07361111111111111
16 0.171484375 0.66875 0.0453125 0.07916666666666666
16 0.232421875 0.5791666666666667 0.0421875 0.07083333333333333
16 0.18046875 0.5972222222222222 0.04375 0.075
16 0.240234375 0.5111111111111111 0.03984375 0.06805555555555555
16 0.18828125 0.5270833333333333 0.04140625 0.06805555555555555
0 0.3265625 0.6090277777777777 0.08046875 0.09027777777777778
11 0.5203125 0.5888888888888889 0.0703125 0.06805555555555555
11 0.516796875 0.5305555555555556 0.06796875 0.0625
11 0.51484375 0.4722222222222222 0.065625 0.05555555555555555
11 0.512109375 0.42569444444444443 0.06328125 0.05416666666666667
11 0.428125 0.5006944444444444 0.065625 0.05277777777777778
11 0.42890625 0.4486111111111111 0.0625 0.05555555555555555
11 0.33359375 0.5284722222222222 0.065625 0.05277777777777778
11 0.33515625 0.47847222222222224 0.0609375 0.05138888888888889
6 0.822265625 0.38819444444444445 0.0828125 0.06388888888888888
6 0.812109375 0.33541666666666664 0.08046875 0.05694444444444444
10 0.600390625 0.48541666666666666 0.05 0.06805555555555555
10 0.59453125 0.40069444444444446 0.046875 0.05277777777777778
8 0.428515625 0.5652777777777778 0.06484375 0.06388888888888888