16 0.430078125 0.02638888888888889 0.03828125 0.03888888888888889
16 0.4703125 0.029166666666666667 0.03828125 0.058333333333333334
16 0.507421875 0.03819444444444445 0.0359375 0.06805555555555555
0 0.44765625 0.18680555555555556 0.04765625 0.14027777777777778
11 0.448828125 0.53125 0.03515625 0.12222222222222222
11 0.48203125 0.5284722222222222 0.03203125 0.11944444444444445
11 0.51484375 0.5277777777777778 0.028125 0.11527777777777778
11 0.541015625 0.525 0.02734375 0.1111111111111111
11 0.503515625 0.37222222222222223 0.0265625 0.11527777777777778
11 0.5328125 0.3763888888888889 0.028125 0.1111111111111111
11 0.492578125 0.20347222222222222 0.0265625 0.11527777777777778
11 0.520703125 0.20833333333333334 0.0265625 0.10694444444444444
10 0.503125 0.6791666666666667 0.0359375 0.08611111111111111
10 0.55078125 0.6729166666666667 0.028125 0.08194444444444444
8 0.4671875 0.3701388888888889 0.0328125 0.11388888888888889