16 0.52578125 0.01875 0.040625 0.0375
16 0.5625 0.03958333333333333 0.04140625 0.06666666666666667
16 0.595703125 0.07083333333333333 0.040625 0.075
0 0.511328125 0.1736111111111111 0.05703125 0.14583333333333334
11 0.44609375 0.4979166666666667 0.04296875 0.12638888888888888
11 0.477734375 0.5159722222222223 0.03984375 0.12222222222222222
11 0.50859375 0.5354166666666667 0.03671875 0.11805555555555555
11 0.533984375 0.5486111111111112 0.03515625 0.11388888888888889
11 0.527734375 0.3819444444444444 0.03515625 0.11805555555555555
11 0.5546875 0.4041666666666667 0.0359375 0.1125
11 0.550390625 0.21666666666666667 0.03515625 0.11805555555555555
11 0.57578125 0.2388888888888889 0.03359375 0.10972222222222222
10 0.468359375 0.6701388888888888 0.04140625 0.09166666666666666
10 0.514453125 0.6930555555555555 0.03359375 0.08611111111111111
8 0.494140625 0.3576388888888889 0.040625 0.11805555555555555