11 0.366 0.35526315789473684 0.08 0.11842105263157894
11 0.236 0.35855263157894735 0.084 0.11842105263157894
11 0.085 0.35855263157894735 0.084 0.11842105263157894
11 0.366 0.17434210526315788 0.08 0.1118421052631579
11 0.234 0.17763157894736842 0.082 0.11842105263157894
11 0.086 0.17763157894736842 0.084 0.11842105263157894
0 0.233 0.5888157894736842 0.096 0.23684210526315788
0 0.083 0.5921052631578947 0.1 0.23026315789473684
4 0.915 0.5592105263157895 0.064 0.21052631578947367
4 0.914 0.24671052631578946 0.064 0.21052631578947367
8 0.364 0.555921052631579 0.074 0.14473684210526316