16 0.7116666666666667 0.29395604395604397 0.06666666666666667 0.040293040293040296
16 0.6383333333333333 0.2866300366300366 0.06333333333333334 0.038461538461538464
16 0.5683333333333334 0.2774725274725275 0.06666666666666667 0.038461538461538464
0 0.5666666666666667 0.34706959706959706 0.10333333333333333 0.06776556776556776
11 0.655 0.44871794871794873 0.06333333333333334 0.05128205128205128
11 0.5966666666666667 0.44047619047619047 0.07 0.056776556776556776
11 0.695 0.3608058608058608 0.07 0.06043956043956044
11 0.6366666666666667 0.35622710622710624 0.07 0.056776556776556776
15 0.5816666666666667 0.5604395604395604 0.08666666666666667 0.07326007326007326
16 0.51 0.6822344322344323 0.08 0.05128205128205128
4 0.495 0.7417582417582418 0.1 0.056776556776556776
4 0.3933333333333333 0.728021978021978 0.09 0.05860805860805861
2 0.045 0.8415750915750916 0.09 0.12637362637362637