16 0.31333333333333335 0.7133699633699634 0.06333333333333334 0.038461538461538464
16 0.3883333333333333 0.7188644688644689 0.06 0.038461538461538464
16 0.46 0.7243589743589743 0.06333333333333334 0.03663003663003663
0 0.4533333333333333 0.6556776556776557 0.1 0.06593406593406594
11 0.3516666666666667 0.5567765567765568 0.06 0.05128205128205128
11 0.4116666666666667 0.5631868131868132 0.06333333333333334 0.054945054945054944
11 0.3233333333333333 0.6465201465201466 0.06333333333333334 0.06043956043956044
11 0.38166666666666665 0.6483516483516484 0.06333333333333334 0.054945054945054944
15 0.4116666666666667 0.4432234432234432 0.08 0.07326007326007326
16 0.4666666666666667 0.31868131868131866 0.07333333333333333 0.04945054945054945
4 0.475 0.25824175824175827 0.09666666666666666 0.054945054945054944
4 0.5766666666666667 0.2683150183150183 0.08666666666666667 0.056776556776556776
2 0.935 0.14102564102564102 0.12333333333333334 0.12454212454212454