16 0.8883333333333333 0.6025641025641025 0.07 0.0347985347985348
16 0.8983333333333333 0.5613553113553114 0.07 0.03296703296703297
16 0.9083333333333333 0.521978021978022 0.06666666666666667 0.0347985347985348
0 0.7833333333333333 0.5256410256410257 0.12 0.054945054945054944
11 0.6033333333333334 0.5815018315018315 0.09333333333333334 0.03296703296703297
11 0.615 0.5485347985347986 0.1 0.0347985347985348
11 0.7666666666666667 0.5970695970695971 0.11 0.0347985347985348
11 0.77 0.565018315018315 0.1 0.0347985347985348
15 0.39666666666666667 0.5485347985347986 0.13333333333333333 0.04395604395604396
16 0.17 0.5183150183150184 0.09 0.040293040293040296
4 0.06 0.5137362637362637 0.1 0.05311355311355311
4 0.07833333333333334 0.45787545787545786 0.10333333333333333 0.047619047619047616