0 0.2783333333333333 0.107 0.076 0.132
1 0.16233333333333333 0.4715 0.038 0.141
11 0.16133333333333333 0.1055 0.04 0.127
11 0.21333333333333335 0.107 0.04 0.125
11 0.172 0.7925 0.035333333333333335 0.123
11 0.22233333333333333 0.7955 0.038 0.122
11 0.2703333333333333 0.7975 0.034666666666666665 0.116
11 0.31866666666666665 0.7995 0.036 0.12
16 0.18566666666666667 0.96 0.04466666666666667 0.068
16 0.24833333333333332 0.96 0.044 0.065
16 0.31166666666666665 0.9615 0.044 0.067
12 0.15566666666666668 0.624 0.02266666666666667 0.078
2 0.7283333333333334 0.8345 0.10466666666666667 0.225
17 0.161 0.2865 0.04533333333333334 0.168