0 0.31733333333333336 0.0695 0.088 0.139
1 0.16833333333333333 0.4015 0.050666666666666665 0.148
11 0.20133333333333334 0.053 0.052 0.106
11 0.25266666666666665 0.059 0.052 0.118
11 0.148 0.721 0.04666666666666667 0.129
11 0.19766666666666666 0.7345 0.048666666666666664 0.129
11 0.245 0.7465 0.04533333333333334 0.122
11 0.2926666666666667 0.7585 0.04666666666666667 0.126
16 0.146 0.89 0.050666666666666665 0.077
16 0.208 0.903 0.04933333333333333 0.074
16 0.27066666666666667 0.9175 0.05 0.076
12 0.14766666666666667 0.551 0.03 0.082
2 0.6953333333333334 0.8775 0.12533333333333332 0.243
17 0.184 0.218 0.06066666666666667 0.176