0 0.8509687034277198 0.5563139931740614 0.05812220566318927 0.080773606370876
1 0.9247391952309985 0.6996587030716723 0.03278688524590164 0.06484641638225255
11 0.8763040238450075 0.7138794084186576 0.029806259314456036 0.06370875995449374
11 0.8464977645305514 0.7235494880546075 0.03129657228017884 0.06143344709897611
14 0.9470938897168405 0.8469852104664392 0.03427719821162444 0.09328782707622298
15 0.8807749627421758 0.8725824800910125 0.03129657228017884 0.06825938566552901
16 0.9262295081967213 0.45449374288964733 0.02533532041728763 0.03299203640500569
16 0.8897168405365127 0.46188850967007966 0.022354694485842028 0.027303754266211604
16 0.8509687034277198 0.47042093287827075 0.026825633383010434 0.030716723549488054
11 0.8912071535022354 0.626848691695108 0.028315946348733235 0.05802047781569966
11 0.9210134128166915 0.6183162684869169 0.026825633383010434 0.05802047781569966
11 0.9225037257824144 0.5352673492605233 0.029806259314456036 0.05915813424345848
11 0.8912071535022354 0.5455062571103527 0.029806259314456036 0.05915813424345848
11 0.8949329359165424 0.9709897610921502 0.03129657228017884 0.055745164960182024
11 0.9225037257824144 0.9635949943117179 0.029806259314456036 0.05802047781569966
4 0.8524590163934426 0.9829351535836177 0.03576751117734724 0.03185437997724687