0 0.8353204172876304 0.5978384527872582 0.07153502235469449 0.08418657565415244
1 0.8785394932935916 0.7480091012514221 0.044709388971684055 0.06598407281001138
11 0.8278688524590164 0.7565415244596132 0.041728763040238454 0.06484641638225255
11 0.7958271236959762 0.7622298065984073 0.041728763040238454 0.06257110352673492
14 0.8703427719821163 0.8959044368600683 0.05216095380029806 0.09328782707622298
15 0.7995529061102832 0.9135381114903299 0.044709388971684055 0.06939704209328783
16 0.9307004470938898 0.5056882821387941 0.03129657228017884 0.03526734926052332
16 0.8926974664679582 0.5091012514220705 0.026825633383010434 0.02844141069397042
16 0.853204172876304 0.512514220705347 0.03278688524590164 0.03299203640500569
11 0.8599105812220567 0.6717861205915814 0.040238450074515646 0.05915813424345848
11 0.8919523099850969 0.6672354948805461 0.038748137108792845 0.05915813424345848
11 0.9098360655737705 0.5853242320819113 0.041728763040238454 0.06029579067121729
11 0.8770491803278688 0.5915813424345847 0.041728763040238454 0.06029579067121729
11 0.793591654247392 0.9914675767918089 0.043219076005961254 0.01478953356086462
11 0.823397913561848 0.9886234357224118 0.043219076005961254 0.020477815699658702