0 0.5320417287630402 0.773037542662116 0.10879284649776454 0.05233219567690557
1 0.3740685543964232 0.8680318543799772 0.08643815201192251 0.03185437997724687
11 0.342026825633383 0.8373151308304891 0.08494783904619971 0.02957906712172924
11 0.3211624441132638 0.8179749715585893 0.08196721311475409 0.030716723549488054
14 0.19597615499254845 0.9277588168373151 0.12369597615499255 0.03640500568828214
15 0.14456035767511177 0.8868031854379977 0.09090909090909091 0.03185437997724687
16 0.6818181818181818 0.79806598407281 0.046199701937406856 0.022753128555176336
16 0.6616989567809239 0.773037542662116 0.037257824143070044 0.019340159271899887
16 0.6400894187779433 0.7480091012514221 0.043219076005961254 0.023890784982935155
11 0.45603576751117736 0.8225255972696246 0.07749627421758569 0.02844141069397042
11 0.47466467958271236 0.8418657565415245 0.07749627421758569 0.027303754266211604
11 0.5797317436661699 0.8185437997724687 0.07898658718330849 0.02957906712172924
11 0.5573770491803278 0.7986348122866894 0.07898658718330849 0.02957906712172924