16 0.385625 0.5814094775212637 0.03375 0.030376670716889428
16 0.35125 0.574726609963548 0.0325 0.031591737545565005
16 0.318125 0.5698663426488457 0.02875 0.030376670716889428
4 0.429375 0.07594167679222358 0.03875 0.038882138517618466
4 0.381875 0.07351154313487242 0.0375 0.040097205346294046
0 0.338125 0.3955042527339004 0.04 0.054678007290400975
11 0.39 0.1385176184690158 0.02625 0.054678007290400975
11 0.361875 0.13608748481166463 0.0225 0.04860267314702309
11 0.37375 0.26974483596597815 0.02875 0.05224787363304982
11 0.348125 0.2667071688942892 0.025 0.05103280680437424
11 0.3675 0.33232077764277035 0.025 0.05103280680437424
11 0.343125 0.33171324422843257 0.02625 0.04981773997569866