16 0.5775 0.6154313487241798 0.03375 0.03402187120291616
16 0.56875 0.6482381530984204 0.03375 0.032806804374240585
16 0.5625 0.6798298906439855 0.0325 0.02916160388821385
4 0.060625 0.5461725394896719 0.04125 0.038882138517618466
4 0.05625 0.5923450789793439 0.0425 0.03766707168894289
0 0.384375 0.6518833535844472 0.0575 0.041312272174969626
11 0.123125 0.5874848116646415 0.05625 0.02916160388821385
11 0.11875 0.6148238153098421 0.05125 0.024301336573511544
11 0.256875 0.6105710814094775 0.05375 0.030376670716889428
11 0.2525 0.6354799513973268 0.05375 0.026731470230862697
11 0.32125 0.6202916160388822 0.05375 0.026731470230862697
11 0.31875 0.6439854191980559 0.05125 0.027946537059538274