16 0.401875 0.5990279465370595 0.03375 0.030376670716889428
16 0.366875 0.5984204131227218 0.0325 0.031591737545565005
16 0.33375 0.5996354799513973 0.02875 0.02916160388821385
4 0.355 0.09477521263669501 0.0375 0.03766707168894289
4 0.3075 0.10024301336573511 0.03625 0.038882138517618466
0 0.321875 0.4246658566221142 0.03875 0.053462940461725394
11 0.3275 0.16281895504252733 0.025 0.053462940461725394
11 0.299375 0.1646415552855407 0.02125 0.04860267314702309
11 0.334375 0.29465370595382745 0.0275 0.05103280680437424
11 0.30875 0.29647630619684084 0.02375 0.05103280680437424
11 0.339375 0.3572296476306197 0.02375 0.05103280680437424
11 0.315 0.36087484811664644 0.025 0.04860267314702309