0 0.6329166666666667 0.12125 0.06416666666666666 0.0325
1 0.7070833333333333 0.04875 0.04833333333333333 0.021666666666666667
11 0.82625 0.005 0.04416666666666667 0.01
11 0.8104166666666667 0.0033333333333333335 0.04583333333333333 0.006666666666666667
11 0.7795833333333333 0.025 0.0425 0.023333333333333334
11 0.66625 0.08375 0.04083333333333333 0.0225
11 0.6495833333333333 0.08 0.03833333333333333 0.023333333333333334
17 0.7329166666666667 0.056666666666666664 0.06166666666666667 0.03
12 0.7575 0.020416666666666666 0.025833333333333333 0.014166666666666666
11 0.6079166666666667 0.11416666666666667 0.045 0.024166666666666666
11 0.5933333333333334 0.10833333333333334 0.045 0.023333333333333334
16 0.55 0.16416666666666666 0.03166666666666667 0.0175
16 0.5295833333333333 0.15458333333333332 0.025833333333333333 0.0125
16 0.4975 0.17166666666666666 0.03 0.016666666666666666
16 0.51625 0.18041666666666667 0.020833333333333332 0.0125
16 0.4791666666666667 0.165 0.02666666666666667 0.0125
4 0.85125 0.006666666666666667 0.0325 0.013333333333333334
9 0.5079166666666667 0.14833333333333334 0.035833333333333335 0.021666666666666667