0 0.12125 0.3670833333333333 0.0325 0.06416666666666666
1 0.04875 0.29291666666666666 0.021666666666666667 0.04833333333333333
11 0.005 0.17458333333333334 0.01 0.04416666666666667
11 0.0033333333333333335 0.19041666666666668 0.006666666666666667 0.04583333333333333
11 0.025 0.22041666666666668 0.023333333333333334 0.0425
11 0.08375 0.33375 0.0225 0.04083333333333333
11 0.08 0.35041666666666665 0.023333333333333334 0.03833333333333333
17 0.056666666666666664 0.26708333333333334 0.03 0.06166666666666667
12 0.020416666666666666 0.2425 0.014166666666666666 0.025833333333333333
11 0.11416666666666667 0.39208333333333334 0.024166666666666666 0.045
11 0.10833333333333334 0.4066666666666667 0.023333333333333334 0.045
16 0.16416666666666666 0.45 0.0175 0.03166666666666667
16 0.15458333333333332 0.47041666666666665 0.0125 0.025833333333333333
16 0.17166666666666666 0.5025 0.016666666666666666 0.03
16 0.18041666666666667 0.48375 0.0125 0.020833333333333332
16 0.165 0.5208333333333334 0.0125 0.02666666666666667
4 0.006666666666666667 0.14875 0.013333333333333334 0.0325
9 0.14833333333333334 0.4920833333333333 0.021666666666666667 0.035833333333333335