0 0.18958333333333333 0.24583333333333332 0.04 0.06583333333333333
1 0.14666666666666667 0.15125 0.0275 0.049166666666666664
11 0.14 0.0225 0.028333333333333332 0.045
11 0.13041666666666665 0.035416666666666666 0.03 0.04666666666666667
11 0.14916666666666667 0.07458333333333333 0.028333333333333332 0.04416666666666667
11 0.16541666666666666 0.20166666666666666 0.0275 0.0425
11 0.15625 0.21583333333333332 0.028333333333333332 0.04
17 0.16291666666666665 0.12958333333333333 0.0375 0.06333333333333334
12 0.1375 0.09416666666666666 0.0175 0.02666666666666667
11 0.17416666666666666 0.26666666666666666 0.03 0.04666666666666667
11 0.16416666666666666 0.2783333333333333 0.029166666666666667 0.04666666666666667
16 0.20166666666666666 0.33791666666666664 0.020833333333333332 0.0325
16 0.18541666666666667 0.3541666666666667 0.015833333333333335 0.02666666666666667
16 0.19083333333333333 0.3904166666666667 0.020833333333333332 0.030833333333333334
16 0.205 0.3754166666666667 0.015 0.021666666666666667
16 0.17791666666666667 0.405 0.015833333333333335 0.0275
4 0.15416666666666667 0.00875 0.021666666666666667 0.0175
9 0.1725 0.3725 0.025833333333333333 0.0375