4 0.931 0.08823529411764706 0.07 0.17647058823529413
4 0.94 0.40808823529411764 0.068 0.25735294117647056
3 0.771 0.13970588235294118 0.12 0.25
0 0.332 0.6617647058823529 0.116 0.29411764705882354
11 0.458 0.34558823529411764 0.086 0.15441176470588236
11 0.453 0.15073529411764705 0.082 0.14705882352941177
11 0.321 0.1875 0.086 0.16911764705882354
11 0.324 0.3860294117647059 0.088 0.16911764705882354
16 0.215 0.8088235294117647 0.052 0.19117647058823528
16 0.14 0.8382352941176471 0.052 0.19117647058823528
16 0.211 0.5477941176470589 0.054 0.19852941176470587
16 0.133 0.5735294117647058 0.054 0.19117647058823528
16 0.205 0.29044117647058826 0.054 0.19852941176470587
16 0.129 0.3161764705882353 0.054 0.19117647058823528
16 0.027 0.34558823529411764 0.05 0.19117647058823528
6 0.594 0.07352941176470588 0.122 0.14705882352941177
8 0.464 0.5772058823529411 0.08 0.17647058823529413