0 0.6183333333333333 0.551056338028169 0.04833333333333333 0.15492957746478872
1 0.6725 0.9735915492957746 0.025 0.045774647887323945
11 0.585 0.721830985915493 0.02666666666666667 0.11619718309859155
11 0.615 0.727112676056338 0.025 0.11267605633802817
11 0.6616666666666666 0.5580985915492958 0.02666666666666667 0.11619718309859155
11 0.6908333333333333 0.5616197183098591 0.028333333333333332 0.11619718309859155
16 0.6116666666666667 0.397887323943662 0.035 0.07394366197183098
16 0.6183333333333333 0.29225352112676056 0.035 0.07394366197183098
16 0.6516666666666666 0.40669014084507044 0.03666666666666667 0.07042253521126761
16 0.6575 0.301056338028169 0.03 0.07042253521126761
16 0.6908333333333333 0.4154929577464789 0.03333333333333333 0.07394366197183098
16 0.6966666666666667 0.31338028169014087 0.035 0.07042253521126761
8 0.6475 0.7341549295774648 0.03166666666666667 0.11971830985915492
6 0.68 0.7394366197183099 0.03 0.14084507042253522