0 0.5158333333333334 0.2482394366197183 0.07166666666666667 0.09154929577464789
1 0.7333333333333333 0.1056338028169014 0.06333333333333334 0.04225352112676056
11 0.9675 0.3045774647887324 0.056666666666666664 0.056338028169014086
11 0.9675 0.23591549295774647 0.05333333333333334 0.04929577464788732
11 0.5991666666666666 0.3045774647887324 0.05333333333333334 0.04929577464788732
11 0.5991666666666666 0.24119718309859156 0.051666666666666666 0.045774647887323945
11 0.5166666666666667 0.15669014084507044 0.05333333333333334 0.04929577464788732
11 0.5158333333333334 0.09507042253521127 0.05333333333333334 0.0528169014084507
14 0.8533333333333334 0.10915492957746478 0.10166666666666667 0.07042253521126761
15 0.8541666666666666 0.2323943661971831 0.06333333333333334 0.07042253521126761
4 0.9658333333333333 0.15492957746478872 0.04 0.07746478873239436
16 0.44333333333333336 0.272887323943662 0.03333333333333333 0.07042253521126761
16 0.39416666666666667 0.2640845070422535 0.03333333333333333 0.07042253521126761
16 0.445 0.18838028169014084 0.03166666666666667 0.07394366197183098
16 0.395 0.18309859154929578 0.03166666666666667 0.05985915492957746
16 0.44666666666666666 0.10387323943661972 0.03333333333333333 0.06690140845070422
16 0.3983333333333333 0.09859154929577464 0.03166666666666667 0.07042253521126761
8 0.6008333333333333 0.17253521126760563 0.056666666666666664 0.05985915492957746
6 0.6008333333333333 0.10387323943661972 0.065 0.0528169014084507