0 0.49916666666666665 0.7552816901408451 0.07333333333333333 0.10211267605633803
1 0.29083333333333333 0.9524647887323944 0.065 0.04929577464788732
11 0.0475 0.8151408450704225 0.056666666666666664 0.06338028169014084
11 0.051666666666666666 0.8820422535211268 0.055 0.056338028169014086
11 0.4125 0.7200704225352113 0.055 0.056338028169014086
11 0.4166666666666667 0.7816901408450704 0.05333333333333334 0.0528169014084507
11 0.5033333333333333 0.8450704225352113 0.055 0.056338028169014086
11 0.5075 0.9066901408450704 0.055 0.05985915492957746
14 0.17166666666666666 0.9665492957746479 0.10333333333333333 0.05985915492957746
15 0.16416666666666666 0.8573943661971831 0.065 0.07746478873239436
4 0.058333333333333334 0.9577464788732394 0.043333333333333335 0.07746478873239436
16 0.5691666666666667 0.7112676056338029 0.035 0.07394366197183098
16 0.6191666666666666 0.7059859154929577 0.035 0.07394366197183098
16 0.5725 0.795774647887324 0.03333333333333333 0.07394366197183098
16 0.6225 0.7887323943661971 0.03166666666666667 0.06338028169014084
16 0.5758333333333333 0.8802816901408451 0.03333333333333333 0.07042253521126761
16 0.6241666666666666 0.8732394366197183 0.03333333333333333 0.07042253521126761
8 0.4191666666666667 0.8503521126760564 0.056666666666666664 0.06690140845070422
6 0.4225 0.9190140845070423 0.06666666666666667 0.05985915492957746