16 0.2389455782312925 0.3458049886621315 0.030612244897959183 0.04081632653061224
16 0.23554421768707484 0.2891156462585034 0.03741496598639456 0.04308390022675737
16 0.23299319727891157 0.23356009070294784 0.03571428571428571 0.045351473922902494
16 0.28401360544217685 0.3435374149659864 0.03741496598639456 0.045351473922902494
16 0.2814625850340136 0.29024943310657597 0.034013605442176874 0.04308390022675737
16 0.27976190476190477 0.23356009070294784 0.04081632653061224 0.047619047619047616
16 0.6802721088435374 0.2857142857142857 0.03741496598639456 0.05215419501133787
4 0.7431972789115646 0.28798185941043086 0.04931972789115646 0.06575963718820861
4 0.7397959183673469 0.21315192743764172 0.05102040816326531 0.05895691609977324
15 0.5867346938775511 0.21768707482993196 0.0663265306122449 0.045351473922902494
11 0.35459183673469385 0.2619047619047619 0.05782312925170068 0.03854875283446712
11 0.3520408163265306 0.21768707482993196 0.05782312925170068 0.036281179138321996
11 0.43962585034013607 0.25396825396825395 0.05612244897959184 0.034013605442176874
11 0.4362244897959184 0.21428571428571427 0.05612244897959184 0.036281179138321996
0 0.3554421768707483 0.3219954648526077 0.05272108843537415 0.06575963718820861
16 0.6794217687074829 0.21428571428571427 0.03741496598639456 0.047619047619047616
17 0.49744897959183676 0.2222222222222222 0.03231292517006803 0.06802721088435375