16 0.4260204081632653 0.8673469387755102 0.034013605442176874 0.045351473922902494
16 0.3852040816326531 0.8809523809523809 0.03741496598639456 0.05442176870748299
16 0.34438775510204084 0.8934240362811792 0.0391156462585034 0.05442176870748299
16 0.4175170068027211 0.808390022675737 0.0391156462585034 0.05442176870748299
16 0.3792517006802721 0.8208616780045351 0.03741496598639456 0.049886621315192746
16 0.33758503401360546 0.8310657596371882 0.04081632653061224 0.061224489795918366
16 0.3129251700680272 0.29591836734693877 0.04421768707482993 0.05668934240362812
4 0.304421768707483 0.21315192743764172 0.05612244897959184 0.07482993197278912
4 0.25 0.2290249433106576 0.05102040816326531 0.07709750566893424
15 0.27721088435374147 0.42970521541950113 0.04421768707482993 0.09297052154195011
11 0.3460884353741497 0.7290249433106576 0.03741496598639456 0.07936507936507936
11 0.3137755102040816 0.7392290249433107 0.03571428571428571 0.07936507936507936
11 0.3273809523809524 0.6179138321995464 0.03231292517006803 0.07709750566893424
11 0.2976190476190476 0.6292517006802721 0.034013605442176874 0.07709750566893424
0 0.3903061224489796 0.7188208616780045 0.05612244897959184 0.07936507936507936
16 0.2602040816326531 0.30839002267573695 0.04081632653061224 0.05668934240362812
17 0.2942176870748299 0.546485260770975 0.05442176870748299 0.05442176870748299