16 0.6632653061224489 0.18820861678004536 0.03231292517006803 0.04308390022675737
16 0.70578231292517 0.19387755102040816 0.03571428571428571 0.05215419501133787
16 0.7465986394557823 0.2018140589569161 0.03741496598639456 0.049886621315192746
16 0.6564625850340136 0.2471655328798186 0.03741496598639456 0.05215419501133787
16 0.6955782312925171 0.25396825396825395 0.034013605442176874 0.047619047619047616
16 0.7380952380952381 0.26303854875283444 0.0391156462585034 0.05895691609977324
16 0.6232993197278912 0.7777777777777778 0.04251700680272109 0.05442176870748299
4 0.6096938775510204 0.8582766439909297 0.05442176870748299 0.07256235827664399
4 0.6658163265306123 0.8684807256235828 0.04931972789115646 0.07256235827664399
15 0.6913265306122449 0.6678004535147393 0.0391156462585034 0.09070294784580499
11 0.7032312925170068 0.35487528344671204 0.03231292517006803 0.07936507936507936
11 0.7363945578231292 0.35941043083900226 0.030612244897959183 0.07936507936507936
11 0.6921768707482994 0.4671201814058957 0.02891156462585034 0.07482993197278912
11 0.7227891156462585 0.47052154195011336 0.030612244897959183 0.07709750566893424
0 0.6590136054421769 0.34467120181405897 0.05272108843537415 0.07482993197278912
16 0.6760204081632653 0.7891156462585034 0.0391156462585034 0.05442176870748299
17 0.7049319727891157 0.5498866213151927 0.05272108843537415 0.049886621315192746