0 0.61875 0.46543778801843316 0.045 0.08755760368663594
0 0.5875 0.35944700460829493 0.0425 0.09216589861751152
13 0.7175 0.5714285714285714 0.05 0.1382488479262673
15 0.6775 0.5898617511520737 0.0375 0.09216589861751152
3 0.71625 0.7741935483870968 0.045 0.10138248847926268
3 0.765 0.7511520737327189 0.0425 0.10138248847926268
11 0.7775 0.8824884792626728 0.03 0.03686635944700461
11 0.8 0.8732718894009217 0.03 0.041474654377880185
11 0.65 0.45161290322580644 0.0325 0.07834101382488479
11 0.67125 0.4447004608294931 0.0325 0.07373271889400922
11 0.6175 0.347926267281106 0.0325 0.07373271889400922
11 0.64 0.34101382488479265 0.03 0.07373271889400922
16 0.54375 0.27880184331797236 0.0275 0.055299539170506916
16 0.575 0.26497695852534564 0.025 0.04608294930875576
16 0.6075 0.2534562211981567 0.03 0.05069124423963134
4 0.745 0.9009216589861752 0.0325 0.027649769585253458