0 0.38125 0.5299539170506913 0.045 0.08755760368663594
0 0.41125 0.6382488479262672 0.0425 0.08755760368663594
13 0.2825 0.4216589861751152 0.05 0.1336405529953917
15 0.3225 0.4032258064516129 0.035 0.09216589861751152
3 0.28625 0.21889400921658986 0.045 0.10138248847926268
3 0.2375 0.23963133640552994 0.0425 0.10138248847926268
11 0.2275 0.10599078341013825 0.03 0.04608294930875576
11 0.20375 0.1175115207373272 0.0325 0.05069124423963134
11 0.34875 0.543778801843318 0.0325 0.07834101382488479
11 0.32875 0.5506912442396313 0.03 0.07373271889400922
11 0.38125 0.6474654377880185 0.03 0.07373271889400922
11 0.35875 0.6543778801843319 0.03 0.06912442396313365
16 0.455 0.7211981566820277 0.0275 0.055299539170506916
16 0.4225 0.7327188940092166 0.025 0.04608294930875576
16 0.39125 0.7442396313364056 0.03 0.05069124423963134
4 0.2575 0.08986175115207373 0.0325 0.03225806451612903