0 0.38125 0.47235023041474655 0.04 0.07834101382488479
0 0.395 0.5898617511520737 0.0375 0.08294930875576037
13 0.30125 0.32027649769585254 0.0425 0.12903225806451613
15 0.3425 0.3225806451612903 0.03 0.08755760368663594
3 0.3325 0.12672811059907835 0.0375 0.0967741935483871
3 0.2825 0.12211981566820276 0.035 0.0967741935483871
11 0.29375 0.0069124423963133645 0.0325 0.013824884792626729
11 0.26875 0.0069124423963133645 0.0325 0.013824884792626729
11 0.34875 0.4700460829493088 0.0275 0.07373271889400922
11 0.3275 0.46543778801843316 0.0275 0.06912442396313365
11 0.36375 0.5852534562211982 0.0275 0.06912442396313365
11 0.34125 0.5806451612903226 0.025 0.06912442396313365
16 0.425 0.6912442396313364 0.025 0.05069124423963134
16 0.3925 0.6866359447004609 0.025 0.041474654377880185
16 0.36 0.6820276497695853 0.0275 0.04608294930875576