0 0.4658203125 0.020458265139116204 0.037109375 0.04091653027823241
0 0.4423828125 0.09328968903436989 0.0341796875 0.057283142389525366
11 0.44140625 0.020458265139116204 0.025390625 0.04091653027823241
11 0.42431640625 0.019639934533551555 0.0283203125 0.03927986906710311
11 0.4208984375 0.09247135842880523 0.0224609375 0.054009819967266774
11 0.4013671875 0.09247135842880523 0.0244140625 0.054009819967266774
16 0.43994140625 0.16202945990180032 0.021484375 0.031096563011456628
16 0.42529296875 0.21685761047463176 0.015625 0.024549918166939442
16 0.4130859375 0.15875613747954173 0.0146484375 0.024549918166939442
16 0.3984375 0.21685761047463176 0.0166015625 0.027823240589198037
16 0.38720703125 0.15548281505728315 0.017578125 0.02618657937806874
16 0.373046875 0.2176759410801964 0.0166015625 0.029459901800327332