0 0.794921875 0.5016366612111293 0.0380859375 0.06546644844517185
0 0.748046875 0.4541734860883797 0.0380859375 0.06382978723404255
11 0.796875 0.4607201309328969 0.0341796875 0.04582651391162029
11 0.79931640625 0.4320785597381342 0.03515625 0.05073649754500818
11 0.7509765625 0.41816693944353517 0.0341796875 0.044189852700491
11 0.75341796875 0.3862520458265139 0.0341796875 0.04746317512274959
16 0.70703125 0.44189852700491 0.0205078125 0.03927986906710311
16 0.6767578125 0.4099836333878887 0.015625 0.029459901800327332
16 0.712890625 0.397708674304419 0.0166015625 0.02618657937806874
16 0.68017578125 0.3657937806873977 0.017578125 0.029459901800327332
16 0.7177734375 0.35433715220949263 0.0166015625 0.031096563011456628
16 0.6826171875 0.323240589198036 0.0185546875 0.029459901800327332
3 0.861328125 0.4869067103109656 0.04296875 0.058919803600654665
4 0.96240234375 0.6546644844517185 0.0234375 0.0425531914893617
4 0.96630859375 0.602291325695581 0.02734375 0.04582651391162029
5 0.896484375 0.5859247135842881 0.095703125 0.10310965630114566
16 0.94677734375 0.5556464811783961 0.0185546875 0.02618657937806874
10 0.90478515625 0.5400981996726678 0.0224609375 0.03927986906710311