0 0.20947265625 0.5842880523731587 0.0341796875 0.058919803600654665
0 0.26025390625 0.6178396072013094 0.0341796875 0.057283142389525366
11 0.2119140625 0.6252045826513911 0.03125 0.03927986906710311
11 0.21240234375 0.6538461538461539 0.03125 0.044189852700491
11 0.26123046875 0.6538461538461539 0.03125 0.03764320785597381
11 0.26220703125 0.6865793780687398 0.03125 0.04091653027823241
16 0.3017578125 0.6178396072013094 0.017578125 0.03436988543371522
16 0.33544921875 0.6399345335515548 0.013671875 0.02618657937806874
16 0.30078125 0.662847790507365 0.0146484375 0.022913256955810146
16 0.33642578125 0.6849427168576104 0.015625 0.02618657937806874
16 0.30029296875 0.707037643207856 0.0146484375 0.027823240589198037
16 0.33837890625 0.7274959083469722 0.0166015625 0.02618657937806874
3 0.1455078125 0.6178396072013094 0.0400390625 0.05073649754500818
4 0.0283203125 0.48199672667757776 0.0205078125 0.03764320785597381
4 0.0302734375 0.5351882160392799 0.0234375 0.04091653027823241
5 0.10107421875 0.530278232405892 0.08984375 0.08346972176759411
16 0.05419921875 0.5752864157119476 0.0166015625 0.022913256955810146
10 0.09765625 0.5777414075286416 0.01953125 0.03436988543371522