0 0.4806122448979592 0.32340425531914896 0.09183673469387756 0.3021276595744681
0 0.7403061224489796 0.24893617021276596 0.09285714285714286 0.30638297872340425
11 0.48520408163265305 0.6297872340425532 0.08775510204081632 0.1829787234042553
11 0.6158163265306122 0.5872340425531914 0.0836734693877551 0.16595744680851063
11 0.7459183673469387 0.551063829787234 0.08673469387755102 0.1829787234042553
11 0.4903061224489796 0.8531914893617021 0.0836734693877551 0.17446808510638298
11 0.6193877551020408 0.8127659574468085 0.07857142857142857 0.16595744680851063
11 0.7489795918367347 0.7787234042553192 0.0836734693877551 0.1829787234042553
11 0.3525510204081633 0.6510638297872341 0.07959183673469387 0.1574468085106383
16 0.22755102040816327 0.40425531914893614 0.05918367346938776 0.2425531914893617
16 0.8525510204081632 0.10212765957446808 0.05612244897959184 0.20425531914893616
16 0.9285714285714286 0.09148936170212765 0.053061224489795916 0.1829787234042553
16 0.8581632653061224 0.3893617021276596 0.053061224489795916 0.2127659574468085
16 0.935204081632653 0.3659574468085106 0.05102040816326531 0.20851063829787234
16 0.8647959183673469 0.6787234042553192 0.05 0.2170212765957447
16 0.9403061224489796 0.6574468085106383 0.05102040816326531 0.2170212765957447
4 0.06173469387755102 0.5 0.07244897959183673 0.2978723404255319
4 0.06785714285714285 0.8723404255319149 0.07448979591836735 0.24680851063829787
6 0.35816326530612247 0.8957446808510638 0.10102040816326531 0.19574468085106383
10 0.23520408163265305 0.8574468085106383 0.05714285714285714 0.2
8 0.611734693877551 0.3276595744680851 0.08061224489795918 0.20425531914893616