16 0.4287109375 0.05107913669064748 0.0263671875 0.04028776978417266
16 0.41552734375 0.0985611510791367 0.025390625 0.04028776978417266
16 0.41015625 0.053237410071942444 0.025390625 0.04316546762589928
16 0.3935546875 0.09424460431654676 0.0224609375 0.03741007194244604
16 0.38671875 0.051798561151079135 0.0205078125 0.03741007194244604
16 0.375 0.09280575539568345 0.0185546875 0.03884892086330935
11 0.37158203125 0.16402877697841728 0.025390625 0.053237410071942444
11 0.34716796875 0.24676258992805755 0.025390625 0.05467625899280575
11 0.35595703125 0.16402877697841728 0.021484375 0.05467625899280575
11 0.33251953125 0.2460431654676259 0.0224609375 0.051798561151079135
6 0.3662109375 0.24820143884892087 0.0302734375 0.060431654676258995
6 0.38818359375 0.16402877697841728 0.029296875 0.058992805755395686
6 0.40380859375 0.012949640287769784 0.0322265625 0.025899280575539568