4 0.97412109375 0.49712230215827335 0.02734375 0.03597122302158273
4 0.97314453125 0.4568345323741007 0.029296875 0.03597122302158273
5 0.89599609375 0.4438848920863309 0.1044921875 0.09928057553956834
16 0.80615234375 0.4028776978417266 0.02734375 0.04028776978417266
16 0.77392578125 0.38273381294964026 0.02734375 0.03884892086330935
16 0.8046875 0.37553956834532376 0.029296875 0.03884892086330935
16 0.77734375 0.35035971223021584 0.025390625 0.033093525179856115
16 0.80615234375 0.3410071942446043 0.025390625 0.030215827338129497
16 0.77880859375 0.32302158273381293 0.02734375 0.02877697841726619
11 0.72998046875 0.31654676258992803 0.0361328125 0.03884892086330935
11 0.67431640625 0.2798561151079137 0.037109375 0.03884892086330935
11 0.73046875 0.2935251798561151 0.037109375 0.033093525179856115
11 0.67529296875 0.258273381294964 0.03515625 0.033093525179856115
16 0.9404296875 0.4251798561151079 0.021484375 0.033093525179856115
6 0.67333984375 0.3079136690647482 0.0419921875 0.0460431654676259
6 0.72998046875 0.3410071942446043 0.041015625 0.04460431654676259
10 0.90869140625 0.4014388489208633 0.029296875 0.04028776978417266
6 0.85302734375 0.3697841726618705 0.056640625 0.050359712230215826