16 0.5283203125 0.9589928057553957 0.029296875 0.04460431654676259
16 0.5458984375 0.9151079136690647 0.0283203125 0.04460431654676259
16 0.54638671875 0.9611510791366906 0.029296875 0.04748201438848921
16 0.56689453125 0.9237410071942446 0.025390625 0.04028776978417266
16 0.56982421875 0.9669064748201439 0.0234375 0.04028776978417266
16 0.5849609375 0.9287769784172661 0.021484375 0.041726618705035974
11 0.595703125 0.8589928057553957 0.029296875 0.05611510791366906
11 0.62744140625 0.7820143884892087 0.0302734375 0.05755395683453238
11 0.611328125 0.8618705035971223 0.0263671875 0.05611510791366906
11 0.6416015625 0.7856115107913669 0.0263671875 0.05467625899280575
6 0.6083984375 0.7769784172661871 0.03515625 0.06474820143884892
6 0.5791015625 0.8553956834532375 0.0341796875 0.06330935251798561
6 0.548828125 0.9935251798561151 0.03515625 0.010071942446043165