11 0.9483837330552659 0.8139219934994583 0.02502606882168926 0.048212351029252434
11 0.9509906152241918 0.7965872156013001 0.027111574556830033 0.04550379198266522
11 0.9048488008342023 0.7440411700975081 0.03180396246089677 0.05742145178764897
11 0.9103232533889468 0.7193932827735645 0.029718456725755994 0.05200433369447454
11 0.8647028154327424 0.6885157096424702 0.03128258602711158 0.04983748645720477
11 0.8686131386861314 0.6709100758396533 0.027111574556830033 0.04279523293607801
11 0.8368091762252347 0.6067172264355363 0.029197080291970802 0.047128927410617555
11 0.8433263816475496 0.5945287107258939 0.02867570385818561 0.04929577464788732
16 0.7752867570385819 0.5346695557963164 0.016684045881126174 0.032502708559046585
16 0.7838894681960376 0.5148970747562297 0.01824817518248175 0.02925243770314193
16 0.7572992700729927 0.49729144095341277 0.020333680917622523 0.031960996749729145
16 0.7653806047966631 0.48212351029252437 0.020333680917622523 0.028169014084507043
16 0.7716371220020855 0.468851570964247 0.017726798748696558 0.023293607800650054