11 0.8175182481751825 0.04550379198266522 0.04744525547445255 0.0276273022751896
11 0.801094890510949 0.04198266522210184 0.04483837330552659 0.029794149512459372
11 0.748696558915537 0.0880281690140845 0.05578727841501564 0.035211267605633804
11 0.7254953076120959 0.0817984832069339 0.05057351407716371 0.032502708559046585
11 0.6942127215849844 0.12784398699891658 0.048488008342022944 0.03412784398699892
11 0.6772679874869656 0.12323943661971831 0.04223149113660062 0.029794149512459372
11 0.6144421272158499 0.15384615384615385 0.045881126173096975 0.031960996749729145
11 0.6029718456725756 0.14680390032502708 0.048488008342022944 0.0314192849404117
16 0.5430135557872784 0.21533044420368364 0.03180396246089677 0.018418201516793065
16 0.5242440041710115 0.20585048754062837 0.02867570385818561 0.01950162513542795
16 0.5062565172054223 0.23266522210184182 0.03128258602711158 0.022210184182015168
16 0.4921793534932221 0.223726977248104 0.027632950990615225 0.021668472372697724
16 0.4796663190823775 0.21668472372697725 0.022940563086548488 0.01895991332611051