11 0.9202294056308655 0.8531960996749729 0.029197080291970802 0.04983748645720477
11 0.9244004171011471 0.8364030335861322 0.030761209593326382 0.047670639219934995
11 0.8829509906152242 0.7795232936078007 0.0364963503649635 0.059588299024918745
11 0.8902502606882169 0.7559588299024919 0.03336809176225235 0.053629469122426866
11 0.8474973931178311 0.7210184182015168 0.034932221063607924 0.05200433369447454
11 0.8529718456725756 0.7036836403033586 0.03023983315954119 0.04496208017334778
11 0.8266423357664233 0.6367822318526544 0.032846715328467155 0.04875406283856988
11 0.833941605839416 0.625406283856988 0.03232533889468196 0.051462621885157094
16 0.7713764337851929 0.5595882990249187 0.01929092805005214 0.03358613217768147
16 0.7815432742440042 0.5406283856988082 0.020333680917622523 0.030335861321776816
16 0.7565172054223149 0.5205850487540629 0.022940563086548488 0.03304442036836403
16 0.7659019812304484 0.5062296858071506 0.022419186652763295 0.029794149512459372
16 0.7732012513034411 0.4937703141928494 0.01929092805005214 0.02437703141928494