10 0.402587890625 0.06076134699853587 0.048828125 0.06588579795021962
0 0.354736328125 0.19436310395314788 0.0771484375 0.12298682284040996
11 0.37890625 0.34077598828696926 0.052734375 0.10102489019033675
11 0.415771484375 0.3327232796486091 0.0498046875 0.10248901903367497
11 0.453857421875 0.32430453879941434 0.05078125 0.10102489019033675
11 0.487548828125 0.31515373352855053 0.04443359375 0.09443631039531479
11 0.65185546875 0.9161786237188873 0.04833984375 0.09809663250366032
11 0.689453125 0.9015373352855052 0.0517578125 0.10395314787701318
4 0.599853515625 0.9432650073206442 0.05712890625 0.08125915080527087
11 0.40625 0.19216691068814057 0.04638671875 0.0951683748169839
12 0.44580078125 0.1815519765739385 0.03173828125 0.0636896046852123
15 0.480224609375 0.5208638360175696 0.0634765625 0.12884333821376281
14 0.568115234375 0.49670571010248904 0.08740234375 0.18960468521229867
17 0.5693359375 0.7650073206442167 0.06787109375 0.15519765739385066
1 0.63427734375 0.7375549048316252 0.05859375 0.13177159590043924
16 0.3095703125 0.07027818448023426 0.03759765625 0.04904831625183016
16 0.355224609375 0.06442166910688141 0.03173828125 0.048316251830161056