10 0.470947265625 0.03916544655929722 0.04248046875 0.05490483162518302
0 0.404052734375 0.15300146412884333 0.06494140625 0.10688140556368961
11 0.40576171875 0.30380673499267935 0.0419921875 0.09077598828696926
11 0.44287109375 0.30856515373352855 0.03857421875 0.09370424597364568
11 0.4814453125 0.31332357247437775 0.0400390625 0.09150805270863836
11 0.515625 0.31551976573938506 0.0341796875 0.08638360175695461
11 0.585693359375 0.9549780380673499 0.03857421875 0.08711566617862372
11 0.62451171875 0.9531478770131772 0.041015625 0.09077598828696926
4 0.531005859375 0.9648609077598829 0.05029296875 0.06734992679355783
11 0.454833984375 0.1683748169838946 0.0361328125 0.08711566617862372
12 0.494873046875 0.17130307467057102 0.02490234375 0.057833089311859445
15 0.4775390625 0.5135431918008785 0.0498046875 0.11786237188872621
14 0.56689453125 0.5197657393850659 0.06689453125 0.17496339677891654
17 0.52783203125 0.7814787701317716 0.05078125 0.14421669106881405
1 0.59521484375 0.7767203513909224 0.0439453125 0.12225475841874085
16 0.379150390625 0.018667642752562226 0.03369140625 0.03733528550512445
16 0.424072265625 0.026720351390922402 0.02734375 0.04172767203513909