10 0.789306640625 0.33821376281112736 0.04541015625 0.0739385065885798
0 0.698486328125 0.2712298682284041 0.08349609375 0.11859443631039532
11 0.601806640625 0.31259150805270863 0.068359375 0.08125915080527087
11 0.6083984375 0.36749633967789164 0.0693359375 0.07686676427525622
11 0.615234375 0.424597364568082 0.068359375 0.07906295754026355
11 0.62255859375 0.4743777452415813 0.0634765625 0.06881405563689605
11 0.222900390625 0.7430453879941434 0.07568359375 0.07833089311859444
11 0.23486328125 0.7990483162518301 0.078125 0.08272327964860908
4 0.20263671875 0.6661786237188873 0.06494140625 0.09004392386530015
11 0.701904296875 0.3484626647144949 0.064453125 0.07174231332357248
12 0.7099609375 0.40702781844802344 0.04296875 0.04904831625183016
15 0.485107421875 0.4707174231332357 0.0869140625 0.09882869692532943
14 0.50439453125 0.6017569546120058 0.1279296875 0.13616398243045388
17 0.32568359375 0.6127379209370425 0.1044921875 0.1061493411420205
1 0.34619140625 0.70900439238653 0.0888671875 0.09150805270863836
16 0.77978515625 0.19912152269399708 0.03369140625 0.05710102489019034
16 0.8251953125 0.15885797950219618 0.03466796875 0.055636896046852125
16 0.784912109375 0.26756954612005857 0.033203125 0.04904831625183016
16 0.831298828125 0.23133235724743778 0.03369140625 0.05197657393850659
16 0.833984375 0.29831625183016103 0.03271484375 0.04758418740849195