16 0.28875 0.418125 0.01375 0.02625
16 0.29125 0.450625 0.0125 0.025
16 0.271875 0.424375 0.0125 0.025
16 0.27375 0.458125 0.015 0.025
16 0.25625 0.465625 0.01375 0.02125
11 0.268125 0.16625 0.015 0.0475
11 0.255625 0.176875 0.015 0.0475
11 0.278125 0.22 0.01625 0.045
11 0.265 0.225625 0.015 0.04375
11 0.25125 0.235 0.015 0.045
11 0.239375 0.2425 0.015 0.0475
11 0.241875 0.29625 0.01625 0.03875
11 0.256875 0.290625 0.01625 0.0425
11 0.2675 0.28 0.01625 0.04125
11 0.281875 0.275 0.01625 0.0425
11 0.25875 0.34625 0.01875 0.045
1 0.23625 0.189375 0.01625 0.05375