16 0.296875 0.4 0.01625 0.0275
16 0.29625 0.4325 0.015 0.02625
16 0.279375 0.404375 0.015 0.02625
16 0.278125 0.438125 0.0175 0.02625
16 0.26 0.444375 0.01625 0.0225
11 0.298125 0.1475 0.01875 0.04875
11 0.285 0.156875 0.01875 0.04875
11 0.303125 0.20125 0.02 0.04625
11 0.289375 0.20625 0.01875 0.045
11 0.275625 0.214375 0.01875 0.04625
11 0.263125 0.220625 0.01875 0.04875
11 0.260625 0.274375 0.01875 0.04
11 0.275625 0.270625 0.01875 0.04375
11 0.2875 0.260625 0.01875 0.0425
11 0.3025 0.256875 0.01875 0.04375
11 0.273125 0.32625 0.0225 0.04625
1 0.264375 0.1675 0.02 0.055