4 0.08902077151335312 0.35625 0.08605341246290801 0.175
4 0.06676557863501484 0.56875 0.0830860534124629 0.175
5 0.37833827893175076 0.425 0.26112759643916916 0.225
3 0.2314540059347181 0.640625 0.13649851632047477 0.19375
15 0.46735905044510384 0.7625 0.11572700296735905 0.1625
0 0.7937685459940653 0.653125 0.11275964391691394 0.20625
11 0.6394658753709199 0.75 0.09495548961424333 0.1125
11 0.6305637982195845 0.871875 0.09198813056379822 0.11875
11 0.7774480712166172 0.821875 0.09495548961424333 0.1125
11 0.7640949554896143 0.940625 0.09198813056379822 0.1125
16 0.9272997032640949 0.653125 0.06824925816023739 0.14375
16 0.9124629080118695 0.80625 0.06528189910979229 0.1375
16 0.8961424332344213 0.940625 0.0712166172106825 0.10625