4 0.08456973293768547 0.4625 0.0771513353115727 0.15625
4 0.07270029673590504 0.678125 0.07418397626112759 0.15625
5 0.37537091988130566 0.45625 0.258160237388724 0.1625
3 0.24183976261127596 0.709375 0.13056379821958458 0.1625
15 0.4836795252225519 0.76875 0.11275964391691394 0.1375
0 0.8011869436201781 0.575 0.10682492581602374 0.18125
11 0.6528189910979229 0.7125 0.09198813056379822 0.09375
11 0.6498516320474778 0.834375 0.08902077151335312 0.1
11 0.7937685459940653 0.746875 0.09198813056379822 0.09375
11 0.787833827893175 0.86875 0.08902077151335312 0.09375
16 0.9332344213649851 0.54375 0.06231454005934718 0.13125
16 0.9272997032640949 0.696875 0.05934718100890208 0.125
16 0.9198813056379822 0.85625 0.06231454005934718 0.13125