16 0.08666666666666667 0.4515625 0.051111111111111114 0.084375
16 0.08444444444444445 0.334375 0.05333333333333334 0.078125
16 0.08555555555555555 0.21875 0.05333333333333334 0.075
16 0.8144444444444444 0.1765625 0.051111111111111114 0.06875
4 0.9166666666666666 0.3484375 0.06888888888888889 0.09375
4 0.9155555555555556 0.20625 0.06666666666666667 0.090625
5 0.6711111111111111 0.3640625 0.2644444444444444 0.084375
3 0.5422222222222223 0.2015625 0.12666666666666668 0.096875
10 0.7144444444444444 0.2046875 0.057777777777777775 0.059375
11 0.36333333333333334 0.2734375 0.08888888888888889 0.0625
11 0.36333333333333334 0.19375 0.08666666666666667 0.059375
11 0.21222222222222223 0.278125 0.08666666666666667 0.05625
11 0.21222222222222223 0.203125 0.08888888888888889 0.059375
0 0.21444444444444444 0.38125 0.10888888888888888 0.103125