11 0.9544444444444444 0.41968325791855204 0.08666666666666667 0.10180995475113122
11 0.9572222222222222 0.3235294117647059 0.08333333333333333 0.10407239819004525
11 0.8511111111111112 0.38687782805429866 0.08555555555555555 0.10633484162895927
11 0.8583333333333333 0.28054298642533937 0.08777777777777777 0.09728506787330317
11 0.28055555555555556 0.1504524886877828 0.0811111111111111 0.09502262443438914
11 0.2916666666666667 0.049773755656108594 0.08777777777777777 0.09954751131221719
4 0.9461111111111111 0.5599547511312217 0.06888888888888889 0.13800904977375567
1 0.65 0.36990950226244346 0.10444444444444445 0.11085972850678733
0 0.2638888888888889 0.2850678733031674 0.10444444444444445 0.18778280542986425
17 0.6616666666666666 0.19457013574660634 0.11666666666666667 0.12895927601809956
15 0.4538888888888889 0.3597285067873303 0.10333333333333333 0.12895927601809956
14 0.4777777777777778 0.11538461538461539 0.15666666666666668 0.15610859728506787
16 0.14722222222222223 0.28846153846153844 0.056666666666666664 0.11538461538461539
16 0.06944444444444445 0.25678733031674206 0.058888888888888886 0.11990950226244344
16 0.16555555555555557 0.1504524886877828 0.056666666666666664 0.1085972850678733
16 0.08611111111111111 0.1165158371040724 0.052222222222222225 0.09728506787330317
16 0.17944444444444443 0.03733031674208145 0.052222222222222225 0.0746606334841629
16 0.10277777777777777 0.020361990950226245 0.05 0.04072398190045249
10 0.6388888888888888 0.5124434389140271 0.06222222222222222 0.10407239819004525