11 0.9338888888888889 0.21380090497737556 0.08222222222222222 0.07918552036199095
11 0.9277777777777778 0.1165158371040724 0.08222222222222222 0.07918552036199095
11 0.8294444444444444 0.22850678733031674 0.0811111111111111 0.08144796380090498
11 0.825 0.12217194570135746 0.08444444444444445 0.07239819004524888
11 0.24722222222222223 0.26018099547511314 0.07777777777777778 0.07013574660633484
11 0.24666666666666667 0.15497737556561086 0.08222222222222222 0.07918552036199095
4 0.9411111111111111 0.35407239819004527 0.06111111111111111 0.12217194570135746
1 0.6316666666666667 0.3054298642533937 0.1 0.08144796380090498
0 0.24666666666666667 0.3993212669683258 0.09444444444444444 0.16063348416289594
17 0.6238888888888889 0.12782805429864252 0.1111111111111111 0.09502262443438914
15 0.43944444444444447 0.38461538461538464 0.09777777777777778 0.09954751131221719
14 0.4361111111111111 0.13574660633484162 0.1511111111111111 0.11085972850678733
16 0.13277777777777777 0.45588235294117646 0.05 0.10180995475113122
16 0.05333333333333334 0.4604072398190045 0.052222222222222225 0.10633484162895927
16 0.13555555555555557 0.31334841628959276 0.05 0.09502262443438914
16 0.05444444444444444 0.3156108597285068 0.04666666666666667 0.083710407239819
16 0.13444444444444445 0.1832579185520362 0.04555555555555556 0.083710407239819
16 0.05611111111111111 0.18552036199095023 0.043333333333333335 0.083710407239819
10 0.6366666666666667 0.4479638009049774 0.056666666666666664 0.08823529411764706