11 0.10555555555555556 0.9524886877828054 0.08888888888888889 0.09049773755656108
11 0.20555555555555555 0.9049773755656109 0.08666666666666667 0.11312217194570136
11 0.22055555555555556 0.9762443438914027 0.09 0.042986425339366516
11 0.7716666666666666 0.6278280542986425 0.08222222222222222 0.10180995475113122
11 0.7827777777777778 0.7307692307692307 0.08777777777777777 0.11085972850678733
4 0.08333333333333333 0.829185520361991 0.07111111111111111 0.1425339366515837
1 0.39111111111111113 0.746606334841629 0.10444444444444445 0.12217194570135746
0 0.7583333333333333 0.49095022624434387 0.10777777777777778 0.19457013574660634
17 0.4172222222222222 0.916289592760181 0.11666666666666667 0.14027149321266968
15 0.5711111111111111 0.5871040723981901 0.10444444444444445 0.13800904977375567
14 0.6 0.829185520361991 0.15777777777777777 0.16968325791855204
16 0.8633333333333333 0.38800904977375567 0.057777777777777775 0.11990950226244344
16 0.9405555555555556 0.3495475113122172 0.06111111111111111 0.1244343891402715
16 0.8755555555555555 0.5282805429864253 0.057777777777777775 0.11085972850678733
16 0.955 0.4920814479638009 0.05333333333333334 0.10180995475113122
16 0.89 0.6549773755656109 0.05333333333333334 0.10180995475113122
16 0.9666666666666667 0.6199095022624435 0.051111111111111114 0.09954751131221719
10 0.37166666666666665 0.6085972850678733 0.06333333333333334 0.1085972850678733