0 0.32125 0.8272900763358778 0.13125 0.16603053435114504
11 0.924375 0.5286259541984732 0.14625 0.12786259541984732
11 0.918125 0.3845419847328244 0.145 0.12786259541984732
11 0.698125 0.5791984732824428 0.1275 0.11641221374045801
11 0.69125 0.4446564885496183 0.12625 0.1183206106870229
11 0.494375 0.6221374045801527 0.1075 0.10877862595419847
11 0.49 0.49809160305343514 0.10875 0.1049618320610687
11 0.316875 0.6593511450381679 0.10125 0.1049618320610687
11 0.313125 0.541030534351145 0.1 0.1049618320610687
9 0.705 0.7318702290076335 0.06125 0.08587786259541985
16 0.163125 0.9036259541984732 0.04625 0.09923664122137404
16 0.0875 0.9131679389312977 0.0475 0.09351145038167939
16 0.161875 0.7547709923664122 0.04625 0.09923664122137404
16 0.084375 0.767175572519084 0.04375 0.09541984732824428
16 0.16 0.6068702290076335 0.05125 0.09732824427480916
16 0.085625 0.6230916030534351 0.04625 0.09732824427480916
8 0.5 0.7700381679389313 0.10375 0.12213740458015267