0 0.303125 0.8024809160305344 0.1325 0.16793893129770993
11 0.92125 0.5849236641221374 0.1475 0.1316793893129771
11 0.923125 0.4398854961832061 0.14625 0.1316793893129771
11 0.693125 0.6049618320610687 0.12875 0.12022900763358779
11 0.69375 0.47041984732824427 0.1275 0.12213740458015267
11 0.4875 0.6211832061068703 0.10875 0.11068702290076336
11 0.49 0.4961832061068702 0.11 0.10687022900763359
11 0.308125 0.6345419847328244 0.1025 0.10687022900763359
11 0.311875 0.5162213740458015 0.10125 0.10687022900763359
9 0.690625 0.7576335877862596 0.0625 0.08587786259541985
16 0.141875 0.857824427480916 0.0475 0.10114503816793893
16 0.065 0.8568702290076335 0.0475 0.09541984732824428
16 0.14875 0.708969465648855 0.0475 0.10114503816793893
16 0.070625 0.7108778625954199 0.045 0.09732824427480916
16 0.155 0.5610687022900763 0.0525 0.09923664122137404
16 0.08 0.5677480916030534 0.0475 0.09923664122137404
8 0.484375 0.7690839694656488 0.105 0.12404580152671756