0 0.68625 0.18225190839694658 0.1275 0.15839694656488548
11 0.07625 0.4484732824427481 0.14375 0.12022900763358779
11 0.079375 0.5935114503816794 0.1425 0.12022900763358779
11 0.30375 0.41030534351145037 0.125 0.11068702290076336
11 0.3075 0.5448473282442748 0.12375 0.11259541984732824
11 0.508125 0.37786259541984735 0.105 0.10305343511450382
11 0.51 0.5028625954198473 0.10625 0.09923664122137404
11 0.686875 0.3501908396946565 0.09875 0.09923664122137404
11 0.6875 0.4685114503816794 0.0975 0.09923664122137404
9 0.300625 0.25763358778625955 0.06 0.08206106870229007
16 0.845625 0.11450381679389313 0.04375 0.09732824427480916
16 0.921875 0.10877862595419847 0.045 0.0916030534351145
16 0.84375 0.2633587786259542 0.04375 0.09732824427480916
16 0.92125 0.2547709923664122 0.04125 0.09351145038167939
16 0.8425 0.4112595419847328 0.04875 0.09541984732824428
16 0.916875 0.3988549618320611 0.04375 0.09541984732824428
8 0.50625 0.2299618320610687 0.10125 0.11641221374045801