0 0.6565384615384615 0.3493894165535957 0.10153846153846154 0.13432835820895522
11 0.08115384615384616 0.5183175033921302 0.07846153846153846 0.08276797829036635
11 0.08884615384615385 0.596336499321574 0.08 0.09090909090909091
11 0.4126923076923077 0.41723202170963364 0.07769230769230769 0.08412483039348712
11 0.4207692307692308 0.49525101763907736 0.07692307692307693 0.08412483039348712
11 0.5484615384615384 0.5006784260515604 0.07692307692307693 0.08412483039348712
11 0.5573076923076923 0.5861601085481682 0.07538461538461538 0.08276797829036635
11 0.6692307692307692 0.4592944369063772 0.08076923076923077 0.08683853459972862
11 0.6776923076923077 0.5379918588873813 0.07923076923076923 0.08548168249660787
10 0.7711538461538462 0.4864314789687924 0.06384615384615384 0.10854816824966079
4 0.09961538461538462 0.6994572591587517 0.06307692307692307 0.1112618724559023
16 0.7473076923076923 0.2747625508819539 0.047692307692307694 0.08276797829036635
16 0.811923076923077 0.25237449118046135 0.04846153846153846 0.08548168249660787
16 0.7584615384615384 0.37652645861601086 0.05153846153846154 0.09226594301221167
16 0.8226923076923077 0.3548168249660787 0.04846153846153846 0.08548168249660787
16 0.8338461538461538 0.45861601085481685 0.04692307692307692 0.08412483039348712