0 0.464 0.625 0.178 0.32727272727272727
11 0.855 0.9090909090909091 0.15 0.17272727272727273
11 0.87 0.7181818181818181 0.148 0.2
11 0.885 0.5204545454545455 0.148 0.19545454545454546
11 0.901 0.32272727272727275 0.152 0.20454545454545456
11 0.698 0.43636363636363634 0.148 0.19090909090909092
11 0.715 0.2318181818181818 0.146 0.19545454545454546
11 0.485 0.34545454545454546 0.148 0.2
11 0.5 0.1409090909090909 0.15 0.20454545454545456
16 0.101 0.5636363636363636 0.094 0.21818181818181817
16 0.123 0.3 0.092 0.21818181818181817
16 0.147 0.07727272727272727 0.098 0.15454545454545454
8 0.679 0.6590909090909091 0.14 0.21818181818181817