17 0.16214285714285714 0.887 0.06857142857142857 0.044
17 0.24785714285714286 0.896 0.06714285714285714 0.036
1 0.32142857142857145 0.873 0.027142857142857142 0.088
11 0.38357142857142856 0.765 0.05142857142857143 0.034
11 0.38285714285714284 0.813 0.05142857142857143 0.032
11 0.38 0.859 0.05 0.036
11 0.37642857142857145 0.905 0.054285714285714284 0.036
11 0.45071428571428573 0.774 0.054285714285714284 0.038
11 0.44857142857142857 0.819 0.05285714285714286 0.034
11 0.44571428571428573 0.865 0.054285714285714284 0.036
11 0.44357142857142856 0.911 0.05285714285714286 0.038
11 0.5164285714285715 0.778 0.055714285714285716 0.04
11 0.5142857142857142 0.826 0.05285714285714286 0.038
11 0.5114285714285715 0.872 0.05142857142857143 0.036
11 0.51 0.919 0.05285714285714286 0.038
11 0.5828571428571429 0.787 0.054285714285714284 0.04
11 0.58 0.834 0.054285714285714284 0.036
11 0.5785714285714286 0.876 0.05714285714285714 0.034
11 0.5764285714285714 0.922 0.05142857142857143 0.04
11 0.655 0.885 0.05 0.034
11 0.6528571428571428 0.931 0.05142857142857143 0.034
11 0.7428571428571429 0.892 0.05142857142857143 0.034
11 0.7392857142857143 0.938 0.05285714285714286 0.038
0 0.6585714285714286 0.823 0.06857142857142857 0.076
0 0.7464285714285714 0.831 0.06714285714285714 0.078
16 0.8214285714285714 0.866 0.03142857142857143 0.042
16 0.8157142857142857 0.932 0.03142857142857143 0.046
16 0.8242857142857143 0.797 0.032857142857142856 0.046