17 0.21285714285714286 0.045 0.03142857142857143 0.09
17 0.20857142857142857 0.162 0.024285714285714285 0.092
1 0.22714285714285715 0.264 0.06285714285714286 0.034
11 0.30642857142857144 0.346 0.022857142857142857 0.072
11 0.27214285714285713 0.347 0.02142857142857143 0.07
11 0.2392857142857143 0.344 0.024285714285714285 0.07
11 0.20642857142857143 0.342 0.022857142857142857 0.076
11 0.3028571428571429 0.44 0.024285714285714285 0.076
11 0.27071428571428574 0.439 0.022857142857142857 0.074
11 0.23785714285714285 0.437 0.022857142857142857 0.076
11 0.2042857142857143 0.436 0.025714285714285714 0.074
11 0.30214285714285716 0.532 0.025714285714285714 0.078
11 0.26785714285714285 0.532 0.025714285714285714 0.074
11 0.235 0.529 0.024285714285714285 0.072
11 0.20142857142857143 0.528 0.025714285714285714 0.074
11 0.2978571428571429 0.626 0.025714285714285714 0.076
11 0.2642857142857143 0.624 0.022857142857142857 0.076
11 0.2342857142857143 0.623 0.02142857142857143 0.078
11 0.20142857142857143 0.621 0.027142857142857142 0.072
11 0.2307142857142857 0.73 0.022857142857142857 0.07
11 0.19785714285714287 0.729 0.022857142857142857 0.072
11 0.22857142857142856 0.853 0.022857142857142857 0.072
11 0.1957142857142857 0.85 0.025714285714285714 0.074
0 0.275 0.733 0.05285714285714286 0.094
0 0.27214285714285713 0.856 0.054285714285714284 0.092
16 0.25 0.962 0.03 0.044
16 0.20285714285714285 0.957 0.032857142857142856 0.044
16 0.29928571428571427 0.964 0.032857142857142856 0.046