17 0.13714285714285715 0.161 0.041428571428571426 0.1
17 0.15571428571428572 0.279 0.03571428571428571 0.096
1 0.19285714285714287 0.37 0.06428571428571428 0.05
11 0.285 0.422 0.03142857142857143 0.074
11 0.25142857142857145 0.435 0.03142857142857143 0.074
11 0.21928571428571428 0.444 0.032857142857142856 0.074
11 0.18714285714285714 0.453 0.032857142857142856 0.078
11 0.2985714285714286 0.514 0.03428571428571429 0.08
11 0.2671428571428571 0.524 0.032857142857142856 0.076
11 0.235 0.534 0.032857142857142856 0.078
11 0.20214285714285715 0.545 0.03571428571428571 0.078
11 0.315 0.603 0.03571428571428571 0.082
11 0.2814285714285714 0.615 0.03571428571428571 0.078
11 0.24928571428571428 0.624 0.032857142857142856 0.076
11 0.21642857142857144 0.636 0.03571428571428571 0.078
11 0.32857142857142857 0.695 0.03571428571428571 0.08
11 0.2957142857142857 0.705 0.032857142857142856 0.078
11 0.2664285714285714 0.715 0.03142857142857143 0.082
11 0.23357142857142857 0.726 0.03571428571428571 0.076
11 0.28214285714285714 0.82 0.03142857142857143 0.074
11 0.2507142857142857 0.831 0.03142857142857143 0.074
11 0.30357142857142855 0.939 0.03142857142857143 0.074
11 0.27071428571428574 0.949 0.03571428571428571 0.078
0 0.32571428571428573 0.807 0.06285714285714286 0.106
0 0.3457142857142857 0.926 0.06428571428571428 0.104