11 0.3893188854489164 0.9131944444444444 0.08513931888544891 0.09375
11 0.38390092879256965 0.796875 0.08668730650154799 0.10069444444444445
11 0.24148606811145512 0.6822916666666666 0.08668730650154799 0.1076388888888889
11 0.23606811145510836 0.5625 0.08513931888544891 0.09722222222222222
11 0.9512383900928792 0.7222222222222222 0.08668730650154799 0.11805555555555555
11 0.9465944272445821 0.6024305555555556 0.08978328173374613 0.125
0 0.2476780185758514 0.8489583333333334 0.09752321981424149 0.18055555555555555
16 0.14318885448916407 0.9340277777777778 0.05417956656346749 0.125
16 0.06656346749226007 0.9427083333333334 0.05572755417956656 0.1076388888888889
16 0.13544891640866874 0.78125 0.05417956656346749 0.12152777777777778
16 0.05959752321981424 0.7951388888888888 0.05417956656346749 0.125
16 0.12848297213622292 0.625 0.05263157894736842 0.12152777777777778
16 0.053405572755417956 0.640625 0.05417956656346749 0.1284722222222222
8 0.37925696594427244 0.6684027777777778 0.08823529411764706 0.12152777777777778
6 0.3738390092879257 0.5399305555555556 0.10526315789473684 0.1111111111111111
1 0.554953560371517 0.6979166666666666 0.10371517027863777 0.1111111111111111
17 0.5456656346749226 0.4878472222222222 0.11609907120743033 0.125
15 0.7708978328173375 0.6805555555555556 0.10681114551083591 0.14583333333333334
14 0.760061919504644 0.4565972222222222 0.16563467492260062 0.1597222222222222
4 0.9419504643962848 0.4479166666666667 0.07120743034055728 0.1527777777777778
10 0.5642414860681114 0.8732638888888888 0.058823529411764705 0.11458333333333333