16 0.901 0.5680851063829787 0.046 0.09787234042553192
16 0.9 0.4319148936170213 0.046 0.09787234042553192
16 0.898 0.28936170212765955 0.046 0.10212765957446808
16 0.82 0.32127659574468087 0.05 0.10212765957446808
16 0.824 0.46170212765957447 0.05 0.10212765957446808
6 0.246 0.825531914893617 0.112 0.10638297872340426
11 0.109 0.7702127659574468 0.086 0.09787234042553192
11 0.123 0.8723404255319149 0.09 0.09787234042553192
11 0.219 0.6234042553191489 0.096 0.1148936170212766
11 0.234 0.7276595744680852 0.094 0.11063829787234042
11 0.464 0.7531914893617021 0.088 0.10638297872340426
11 0.453 0.6468085106382979 0.09 0.10212765957446808
11 0.604 0.5914893617021276 0.088 0.09361702127659574
11 0.61 0.6957446808510638 0.086 0.09787234042553192
0 0.441 0.4978723404255319 0.114 0.1829787234042553
0 0.596 0.4425531914893617 0.112 0.17446808510638298
8 0.204 0.5042553191489362 0.088 0.12340425531914893
4 0.087 0.625531914893617 0.074 0.14468085106382977
10 0.828 0.6085106382978723 0.058 0.09787234042553192
1 0.719 0.5936170212765958 0.056 0.2