11 0.95625 0.6053412462908012 0.0725 0.10682492581602374
11 0.360625 0.5637982195845698 0.08625 0.12462908011869436
11 0.37 0.43026706231454004 0.08625 0.11869436201780416
11 0.374375 0.3026706231454006 0.08625 0.12462908011869436
11 0.38 0.18100890207715134 0.08375 0.11869436201780416
0 0.794375 0.4258160237388724 0.09 0.17507418397626112
0 0.678125 0.36053412462908013 0.09 0.17507418397626112
12 0.9575 0.4807121661721068 0.0525 0.0712166172106825
10 0.259375 0.11572700296735905 0.06125 0.12462908011869436
16 0.2425 0.4658753709198813 0.05125 0.12166172106824925
16 0.160625 0.4317507418397626 0.05 0.12166172106824925
16 0.250625 0.29673590504451036 0.05 0.12166172106824925
16 0.16875 0.25667655786350146 0.05 0.11869436201780416
16 0.178125 0.09198813056379822 0.0525 0.12462908011869436