0 0.550625 0.8716814159292036 0.0375 0.05132743362831858
0 0.570625 0.8132743362831858 0.0375 0.05132743362831858
1 0.5625 0.9557522123893806 0.0225 0.04601769911504425
11 0.57375 0.8716814159292036 0.02375 0.04247787610619469
11 0.595 0.8132743362831858 0.02125 0.04247787610619469
11 0.59 0.8725663716814159 0.02 0.04247787610619469
11 0.61 0.8141592920353983 0.0225 0.04424778761061947
3 0.53375 0.9672566371681416 0.03 0.05486725663716814
16 0.5875 0.7619469026548673 0.01875 0.02654867256637168
16 0.608125 0.7619469026548673 0.0175 0.021238938053097345
16 0.6275 0.7646017699115044 0.01625 0.021238938053097345