0 0.7625 0.4283185840707965 0.03625 0.05309734513274336
0 0.72125 0.4 0.03625 0.05309734513274336
1 0.821875 0.41150442477876104 0.0325 0.03185840707964602
1 0.891875 0.4654867256637168 0.0325 0.033628318584070796
11 0.9475 0.5654867256637168 0.02875 0.033628318584070796
11 0.948125 0.5415929203539823 0.0275 0.03185840707964602
11 0.7625 0.39557522123893807 0.03 0.033628318584070796
11 0.72125 0.3654867256637168 0.03 0.03008849557522124
11 0.763125 0.37256637168141593 0.03 0.02831858407079646
11 0.721875 0.34424778761061947 0.03125 0.03185840707964602
15 0.899375 0.5106194690265486 0.035 0.04247787610619469
3 0.83 0.452212389380531 0.03875 0.04247787610619469
16 0.685 0.37610619469026546 0.01875 0.02654867256637168
16 0.685 0.34690265486725663 0.015 0.024778761061946902
16 0.686875 0.31946902654867254 0.015 0.023008849557522124
4 0.9475 0.5150442477876106 0.01875 0.02831858407079646