0 0.578125 0.8619469026548673 0.03875 0.05309734513274336
0 0.593125 0.8008849557522124 0.03875 0.05309734513274336
1 0.595625 0.9442477876106194 0.02375 0.04601769911504425
11 0.60125 0.8592920353982301 0.025 0.04247787610619469
11 0.6175 0.7973451327433628 0.0225 0.04247787610619469
11 0.6175 0.8575221238938053 0.02125 0.04247787610619469
11 0.6325 0.7964601769911505 0.02375 0.04424778761061947
3 0.568125 0.9601769911504425 0.03125 0.05663716814159292
16 0.60625 0.7477876106194691 0.02 0.02654867256637168
16 0.626875 0.7451327433628319 0.01875 0.023008849557522124
16 0.64625 0.7442477876106195 0.0175 0.023008849557522124