6 0.8372448979591837 0.34150943396226413 0.0336734693877551 0.05660377358490566
0 0.8061224489795918 0.39433962264150946 0.036734693877551024 0.07924528301886792
11 0.9433673469387756 0.4349056603773585 0.024489795918367346 0.045283018867924525
11 0.938265306122449 0.4028301886792453 0.027551020408163266 0.04905660377358491
11 0.8734693877551021 0.39339622641509436 0.027551020408163266 0.052830188679245285
11 0.8678571428571429 0.3584905660377358 0.027551020408163266 0.04905660377358491
11 0.7989795918367347 0.3433962264150943 0.02857142857142857 0.052830188679245285
11 0.7948979591836735 0.3113207547169811 0.027551020408163266 0.052830188679245285
16 0.7775510204081633 0.37830188679245286 0.017346938775510204 0.033962264150943396
16 0.7566326530612245 0.3650943396226415 0.015306122448979591 0.035849056603773584
16 0.7719387755102041 0.3339622641509434 0.0163265306122449 0.033962264150943396
16 0.75 0.3179245283018868 0.0163265306122449 0.035849056603773584
16 0.7658163265306123 0.28867924528301886 0.017346938775510204 0.03773584905660377
16 0.7438775510204082 0.27452830188679245 0.018367346938775512 0.03962264150943396
8 0.8413265306122449 0.37641509433962267 0.025510204081632654 0.05471698113207547
16 0.9255102040816326 0.4358490566037736 0.018367346938775512 0.035849056603773584
10 0.9076530612244897 0.3886792452830189 0.017346938775510204 0.052830188679245285
4 0.951530612244898 0.4811320754716981 0.02346938775510204 0.04905660377358491