6 0.15816326530612246 0.38018867924528305 0.03469387755102041 0.05849056603773585
0 0.19846938775510203 0.35754716981132073 0.03775510204081633 0.08113207547169811
11 0.08316326530612245 0.21226415094339623 0.025510204081632654 0.045283018867924525
11 0.08061224489795918 0.24528301886792453 0.02857142857142857 0.0509433962264151
11 0.13724489795918368 0.30471698113207546 0.02857142857142857 0.05471698113207547
11 0.13418367346938775 0.34150943396226413 0.02857142857142857 0.0509433962264151
11 0.1933673469387755 0.40849056603773587 0.02959183673469388 0.05471698113207547
11 0.18928571428571428 0.44056603773584907 0.02857142857142857 0.05471698113207547
16 0.22040816326530613 0.39339622641509436 0.017346938775510204 0.035849056603773584
16 0.23673469387755103 0.4216981132075472 0.0163265306122449 0.035849056603773584
16 0.2153061224489796 0.4377358490566038 0.0163265306122449 0.035849056603773584
16 0.2316326530612245 0.469811320754717 0.017346938775510204 0.03773584905660377
16 0.21071428571428572 0.4830188679245283 0.018367346938775512 0.03962264150943396
16 0.22755102040816327 0.5132075471698113 0.019387755102040816 0.03962264150943396
8 0.16224489795918368 0.3452830188679245 0.026530612244897958 0.05471698113207547
16 0.09948979591836735 0.22547169811320755 0.018367346938775512 0.035849056603773584
10 0.10510204081632653 0.2820754716981132 0.018367346938775512 0.052830188679245285
4 0.08622448979591837 0.1641509433962264 0.024489795918367346 0.0509433962264151