4 0.9376470588235294 0.3803191489361702 0.06588235294117648 0.1595744680851064
4 0.9411764705882353 0.1675531914893617 0.07058823529411765 0.15425531914893617
5 0.6752941176470588 0.4148936170212766 0.24941176470588236 0.14361702127659576
16 0.8341176470588235 0.15691489361702127 0.05647058823529412 0.1276595744680851
16 0.13529411764705881 0.39095744680851063 0.05176470588235294 0.11170212765957446
16 0.0611764705882353 0.3882978723404255 0.05411764705882353 0.12234042553191489
16 0.14 0.23670212765957446 0.05176470588235294 0.12234042553191489
16 0.06352941176470588 0.22606382978723405 0.05176470588235294 0.11702127659574468
16 0.1423529411764706 0.07712765957446809 0.04941176470588235 0.11702127659574468
16 0.06941176470588235 0.07446808510638298 0.05176470588235294 0.12234042553191489
3 0.5623529411764706 0.1276595744680851 0.12705882352941175 0.18085106382978725
10 0.7494117647058823 0.14361702127659576 0.05411764705882353 0.10106382978723404
11 0.39294117647058824 0.19414893617021275 0.08 0.09042553191489362
11 0.3941176470588235 0.07446808510638298 0.08235294117647059 0.0851063829787234
11 0.2564705882352941 0.18085106382978725 0.08470588235294117 0.09042553191489362
11 0.2611764705882353 0.061170212765957445 0.08470588235294117 0.09042553191489362
0 0.25529411764705884 0.35106382978723405 0.11058823529411765 0.17553191489361702
8 0.38823529411764707 0.3324468085106383 0.07529411764705882 0.10106382978723404