4 0.9035294117647059 0.09840425531914894 0.07764705882352942 0.18617021276595744
5 0.6564705882352941 0.30319148936170215 0.25176470588235295 0.25
16 0.13647058823529412 0.6356382978723404 0.058823529411764705 0.1276595744680851
16 0.06588235294117648 0.6835106382978723 0.06352941176470588 0.14361702127659576
16 0.12117647058823529 0.4867021276595745 0.0611764705882353 0.13829787234042554
16 0.047058823529411764 0.526595744680851 0.058823529411764705 0.13297872340425532
16 0.10352941176470588 0.3324468085106383 0.05647058823529412 0.13297872340425532
16 0.03294117647058824 0.3776595744680851 0.0611764705882353 0.13829787234042554
3 0.5117647058823529 0.10904255319148937 0.1388235294117647 0.21808510638297873
10 0.6929411764705883 0.02925531914893617 0.06352941176470588 0.05851063829787234
11 0.35764705882352943 0.27925531914893614 0.08470588235294117 0.12234042553191489
11 0.34352941176470586 0.1622340425531915 0.08470588235294117 0.11702127659574468
11 0.22588235294117648 0.35638297872340424 0.08941176470588236 0.12234042553191489
11 0.21529411764705883 0.2393617021276596 0.08941176470588236 0.12234042553191489
0 0.24588235294117647 0.5186170212765957 0.12 0.21808510638297873
8 0.37176470588235294 0.4122340425531915 0.08 0.1276595744680851