11 0.14223385689354276 0.799079754601227 0.08202443280977312 0.08282208588957055
11 0.15270506108202445 0.8849693251533742 0.07853403141361257 0.08282208588957055
11 0.6518324607329843 0.5920245398773006 0.07853403141361257 0.08282208588957055
11 0.6614310645724258 0.6763803680981595 0.07853403141361257 0.08282208588957055
11 0.6701570680628273 0.7607361963190185 0.08027923211169284 0.08588957055214724
11 0.6788830715532286 0.843558282208589 0.07853403141361257 0.08895705521472393
11 0.774869109947644 0.7254601226993865 0.08202443280977312 0.08588957055214724
11 0.7835951134380453 0.8098159509202454 0.08027923211169284 0.08588957055214724
0 0.7609075043630017 0.6150306748466258 0.1082024432809773 0.1441717791411043
1 0.4860383944153578 0.9187116564417178 0.08726003490401396 0.09202453987730061
14 0.3254799301919721 0.9478527607361963 0.14834205933682373 0.09815950920245399
15 0.3045375218150087 0.808282208588957 0.1012216404886562 0.11042944785276074
16 0.8516579406631762 0.5368098159509203 0.04886561954624782 0.08895705521472393
16 0.918848167539267 0.5153374233128835 0.05235602094240838 0.09202453987730061
16 0.8638743455497382 0.6457055214723927 0.05235602094240838 0.09202453987730061
16 0.9301919720767888 0.6226993865030674 0.0506108202443281 0.08588957055214724
16 0.8760907504363001 0.754601226993865 0.0506108202443281 0.08895705521472393
16 0.9424083769633508 0.7300613496932515 0.04886561954624782 0.08895705521472393
10 0.5951134380453752 0.8588957055214724 0.0506108202443281 0.07668711656441718
4 0.1649214659685864 0.9647239263803681 0.06806282722513089 0.06441717791411043