11 0.40575916230366493 0.7285276073619632 0.04013961605584642 0.13496932515337423
11 0.3568935427574171 0.7208588957055214 0.04013961605584642 0.13496932515337423
11 0.3080279232111693 0.7101226993865031 0.041884816753926704 0.13803680981595093
11 0.26090750436300175 0.700920245398773 0.04363001745200698 0.13496932515337423
11 0.2975567190226876 0.8957055214723927 0.041884816753926704 0.1411042944785276
11 0.2486910994764398 0.8865030674846626 0.041884816753926704 0.13803680981595093
0 0.3612565445026178 0.8957055214723927 0.07504363001745201 0.1687116564417178
1 0.2766143106457243 0.35429447852760737 0.04537521815008726 0.15030674846625766
14 0.29842931937172773 0.09969325153374232 0.06631762652705062 0.19938650306748465
15 0.3900523560209424 0.0843558282208589 0.05759162303664921 0.1687116564417178
10 0.2774869109947644 0.5552147239263804 0.04013961605584642 0.08282208588957055