11 0.4293193717277487 0.7530674846625767 0.038394415357766144 0.13190184049079753
11 0.38132635253054104 0.7607361963190185 0.038394415357766144 0.13190184049079753
11 0.3324607329842932 0.7653374233128835 0.04013961605584642 0.13496932515337423
11 0.2844677137870855 0.7714723926380368 0.041884816753926704 0.13190184049079753
11 0.3403141361256545 0.9401840490797546 0.041884816753926704 0.11349693251533742
11 0.2914485165794066 0.9432515337423313 0.041884816753926704 0.10736196319018405
0 0.4031413612565445 0.9217791411042945 0.07329842931937172 0.15030674846625766
1 0.26527050610820246 0.42484662576687116 0.041884816753926704 0.147239263803681
14 0.2582897033158813 0.14570552147239263 0.059336823734729496 0.2392638036809816
15 0.34904013961605584 0.12116564417177914 0.05235602094240838 0.17177914110429449
10 0.2862129144851658 0.6211656441717791 0.04013961605584642 0.07975460122699386