4 0.071 0.4497991967871486 0.052 0.10441767068273092
4 0.074 0.6244979919678715 0.058 0.11646586345381527
0 0.752 0.40160642570281124 0.098 0.14056224899598393
11 0.178 0.5562248995983936 0.074 0.07228915662650602
11 0.18 0.6586345381526104 0.076 0.0642570281124498
11 0.753 0.5341365461847389 0.078 0.0642570281124498
11 0.752 0.6345381526104418 0.07 0.06827309236947791
16 0.857 0.3112449799196787 0.044 0.08835341365461848
16 0.859 0.4598393574297189 0.044 0.08835341365461848
16 0.859 0.6004016064257028 0.044 0.0963855421686747
14 0.36 0.6345381526104418 0.138 0.09236947791164658
15 0.588 0.6164658634538153 0.096 0.10040160642570281