11 0.48083333333333333 0.8319838056680162 0.04833333333333333 0.1862348178137652
11 0.4508333333333333 0.5425101214574899 0.04666666666666667 0.1862348178137652
11 0.49166666666666664 0.5323886639676113 0.04833333333333333 0.18218623481781376
11 0.51 0.23684210526315788 0.04666666666666667 0.17408906882591094
11 0.5516666666666666 0.23279352226720648 0.045 0.17408906882591094
11 0.4816666666666667 0.024291497975708502 0.04666666666666667 0.048582995951417005
11 0.5233333333333333 0.022267206477732792 0.04666666666666667 0.044534412955465584
0 0.4508333333333333 0.24898785425101214 0.07666666666666666 0.23076923076923078
0 0.4225 0.04251012145748988 0.07 0.0728744939271255
8 0.5708333333333333 0.8137651821862348 0.05 0.1700404858299595
8 0.5383333333333333 0.5263157894736842 0.04666666666666667 0.16194331983805668
6 0.6175 0.8036437246963563 0.045 0.22267206477732793
6 0.5833333333333334 0.520242914979757 0.045 0.2145748987854251