11 0.46416666666666667 0.8238866396761133 0.045 0.18218623481781376
11 0.4483333333333333 0.52834008097166 0.043333333333333335 0.18218623481781376
11 0.49 0.5303643724696356 0.043333333333333335 0.17813765182186234
11 0.5225 0.242914979757085 0.043333333333333335 0.1700404858299595
11 0.5641666666666667 0.25101214574898784 0.041666666666666664 0.1700404858299595
11 0.5058333333333334 0.022267206477732792 0.045 0.044534412955465584
11 0.5466666666666666 0.02631578947368421 0.043333333333333335 0.048582995951417005
0 0.46416666666666667 0.23481781376518218 0.07166666666666667 0.22267206477732793
0 0.44666666666666666 0.02834008097165992 0.07 0.05668016194331984
8 0.5541666666666667 0.8319838056680162 0.04666666666666667 0.1659919028340081
8 0.5366666666666666 0.5384615384615384 0.043333333333333335 0.15789473684210525
6 0.6008333333333333 0.8360323886639676 0.04 0.21862348178137653
6 0.5816666666666667 0.5445344129554656 0.041666666666666664 0.21052631578947367