10 0.25416666666666665 0.5040485829959515 0.051666666666666666 0.10931174089068826
11 0.15083333333333335 0.4149797570850202 0.08666666666666667 0.13765182186234817
11 0.14416666666666667 0.5263157894736842 0.085 0.13765182186234817
11 0.37333333333333335 0.37044534412955465 0.08 0.12955465587044535
11 0.49583333333333335 0.3724696356275304 0.07833333333333334 0.12550607287449392
11 0.4891666666666667 0.47368421052631576 0.07833333333333334 0.12955465587044535
11 0.6016666666666667 0.5910931174089069 0.075 0.12955465587044535
11 0.5925 0.6902834008097166 0.075 0.12550607287449392
11 0.7208333333333333 0.5890688259109311 0.075 0.12955465587044535
11 0.7116666666666667 0.6882591093117408 0.07333333333333333 0.12955465587044535
0 0.6125 0.4493927125506073 0.1 0.20242914979757085
0 0.7341666666666666 0.4473684210526316 0.095 0.19433198380566802
8 0.3566666666666667 0.5850202429149798 0.07333333333333333 0.13765182186234817
8 0.4791666666666667 0.582995951417004 0.07 0.12550607287449392
6 0.34833333333333333 0.6963562753036437 0.09333333333333334 0.12550607287449392
6 0.47 0.6902834008097166 0.09 0.12955465587044535
16 0.25083333333333335 0.7206477732793523 0.051666666666666666 0.11336032388663968
16 0.8466666666666667 0.41700404858299595 0.03833333333333333 0.09716599190283401
16 0.9075 0.41700404858299595 0.03833333333333333 0.09716599190283401
16 0.8325 0.5465587044534413 0.041666666666666664 0.10121457489878542
16 0.8958333333333334 0.548582995951417 0.03666666666666667 0.08906882591093117
16 0.82 0.6781376518218624 0.041666666666666664 0.10121457489878542
16 0.8808333333333334 0.6740890688259109 0.03833333333333333 0.0931174089068826
4 0.13583333333333333 0.6578947368421053 0.06333333333333334 0.13765182186234817