4 0.4495548961424332 0.883578431372549 0.08160237388724036 0.1323529411764706
0 0.31528189910979226 0.928921568627451 0.1142433234421365 0.13725490196078433
1 0.6951038575667656 0.571078431372549 0.10385756676557864 0.09803921568627451
11 0.9591988130563798 0.571078431372549 0.07863501483679525 0.09803921568627451
11 0.9525222551928784 0.48161764705882354 0.09198813056379822 0.10049019607843138
11 0.5712166172106825 0.7193627450980392 0.08753709198813056 0.08823529411764706
11 0.5571216617210683 0.6262254901960784 0.09050445103857567 0.0857843137254902
11 0.4332344213649852 0.7683823529411765 0.08902077151335312 0.0857843137254902
11 0.42136498516320475 0.6813725490196079 0.08753709198813056 0.0857843137254902
11 0.29747774480712164 0.821078431372549 0.08902077151335312 0.09068627450980392
11 0.28486646884273 0.7303921568627451 0.09050445103857567 0.09068627450980392
14 0.7974777448071216 0.7352941176470589 0.16765578635014836 0.14215686274509803
16 0.18991097922848665 0.9203431372549019 0.06083086053412463 0.10294117647058823
16 0.11275964391691394 0.9485294117647058 0.06231454005934718 0.09803921568627451
16 0.0956973293768546 0.8333333333333334 0.05934718100890208 0.10294117647058823
10 0.17062314540059348 0.7965686274509803 0.06528189910979229 0.10049019607843138