0 0.42 0.502 0.05733333333333333 0.072
11 0.3486666666666667 0.29533333333333334 0.030666666666666665 0.05466666666666667
11 0.31533333333333335 0.3 0.032 0.05466666666666667
11 0.3626666666666667 0.3973333333333333 0.03333333333333333 0.052
11 0.328 0.40066666666666667 0.032 0.05466666666666667
11 0.378 0.5066666666666667 0.029333333333333333 0.05466666666666667
11 0.346 0.51 0.029333333333333333 0.05333333333333334
16 0.44666666666666666 0.5693333333333334 0.04133333333333333 0.03333333333333333
16 0.4053333333333333 0.5753333333333334 0.03866666666666667 0.03333333333333333
16 0.366 0.5793333333333334 0.04 0.034666666666666665
4 0.3526666666666667 0.086 0.044 0.04533333333333334
4 0.2946666666666667 0.09533333333333334 0.044 0.04533333333333334