0 0.42 0.49466666666666664 0.05333333333333334 0.068
11 0.36733333333333335 0.2826666666666667 0.02666666666666667 0.05333333333333334
11 0.3333333333333333 0.2846666666666667 0.028 0.05333333333333334
11 0.372 0.386 0.029333333333333333 0.050666666666666665
11 0.3373333333333333 0.38666666666666666 0.028 0.05333333333333334
11 0.37733333333333335 0.496 0.025333333333333333 0.05333333333333334
11 0.3453333333333333 0.49666666666666665 0.025333333333333333 0.052
16 0.44066666666666665 0.5646666666666667 0.03866666666666667 0.029333333333333333
16 0.3993333333333333 0.5666666666666667 0.036 0.030666666666666665
16 0.35933333333333334 0.5673333333333334 0.037333333333333336 0.030666666666666665
4 0.3893333333333333 0.07466666666666667 0.04133333333333333 0.04133333333333333
4 0.33066666666666666 0.07866666666666666 0.04133333333333333 0.04133333333333333