0 0.5293333333333333 0.426 0.076 0.064
11 0.748 0.44066666666666665 0.056 0.036
11 0.7566666666666667 0.408 0.05733333333333333 0.037333333333333336
11 0.648 0.41333333333333333 0.05466666666666667 0.03866666666666667
11 0.6586666666666666 0.38 0.05733333333333333 0.037333333333333336
11 0.542 0.38466666666666666 0.056 0.036
11 0.5506666666666666 0.354 0.05466666666666667 0.034666666666666665
16 0.45666666666666667 0.42333333333333334 0.037333333333333336 0.042666666666666665
16 0.468 0.384 0.037333333333333336 0.04133333333333333
16 0.47933333333333333 0.3453333333333333 0.037333333333333336 0.042666666666666665
4 0.9386666666666666 0.5266666666666666 0.048 0.048
4 0.9526666666666667 0.4686666666666667 0.048 0.048