4 0.91845703125 0.4590643274853801 0.068359375 0.09941520467836257
4 0.88671875 0.34868421052631576 0.064453125 0.09210526315789473
11 0.54833984375 0.4992690058479532 0.0849609375 0.08333333333333333
11 0.42578125 0.5409356725146199 0.08203125 0.07602339181286549
11 0.53857421875 0.4371345029239766 0.0849609375 0.07456140350877193
11 0.41845703125 0.47733918128654973 0.08203125 0.07602339181286549
11 0.30322265625 0.5847953216374269 0.0849609375 0.07017543859649122
11 0.2998046875 0.5190058479532164 0.0771484375 0.06432748538011696
16 0.73193359375 0.3823099415204678 0.0537109375 0.07456140350877193
16 0.1962890625 0.7616959064327485 0.0478515625 0.06578947368421052
16 0.12646484375 0.7828947368421053 0.05078125 0.07163742690058479
16 0.19140625 0.6578947368421053 0.044921875 0.06578947368421052
16 0.125 0.6776315789473685 0.044921875 0.06578947368421052
16 0.19140625 0.5599415204678363 0.0478515625 0.07163742690058479
16 0.12353515625 0.5804093567251462 0.04296875 0.059941520467836254
0 0.30712890625 0.6747076023391813 0.103515625 0.12134502923976608
10 0.80859375 0.364766081871345 0.0576171875 0.0847953216374269