4 0.091796875 0.35599415204678364 0.0615234375 0.08771929824561403
4 0.1005859375 0.4758771929824561 0.0576171875 0.08187134502923976
11 0.45361328125 0.47953216374269003 0.0810546875 0.06578947368421052
11 0.5791015625 0.4934210526315789 0.078125 0.05847953216374269
11 0.451171875 0.5431286549707602 0.0810546875 0.05847953216374269
11 0.57373046875 0.5577485380116959 0.078125 0.05847953216374269
11 0.705078125 0.5051169590643275 0.08203125 0.05263157894736842
11 0.69482421875 0.5694444444444444 0.0751953125 0.04824561403508772
16 0.25537109375 0.5109649122807017 0.048828125 0.06432748538011696
16 0.841796875 0.3823099415204678 0.04296875 0.05847953216374269
16 0.912109375 0.3932748538011696 0.0458984375 0.06286549707602339
16 0.82568359375 0.48391812865497075 0.0400390625 0.05847953216374269
16 0.8935546875 0.49415204678362573 0.0400390625 0.05847953216374269
16 0.806640625 0.577485380116959 0.04296875 0.06432748538011696
16 0.8759765625 0.5877192982456141 0.0380859375 0.05263157894736842
0 0.71875 0.41739766081871343 0.095703125 0.10087719298245613
10 0.1787109375 0.49415204678362573 0.05078125 0.07456140350877193