4 0.8935546875 0.7171052631578947 0.0673828125 0.09649122807017543
4 0.89453125 0.5972222222222222 0.0634765625 0.09064327485380116
11 0.54443359375 0.5285087719298246 0.083984375 0.0804093567251462
11 0.4208984375 0.4919590643274854 0.0810546875 0.07163742690058479
11 0.55224609375 0.46637426900584794 0.083984375 0.07163742690058479
11 0.431640625 0.42909356725146197 0.0810546875 0.07163742690058479
11 0.29736328125 0.45760233918128657 0.083984375 0.06578947368421052
11 0.31201171875 0.39546783625730997 0.0771484375 0.06140350877192982
16 0.74365234375 0.533625730994152 0.052734375 0.07163742690058479
16 0.1513671875 0.554093567251462 0.046875 0.06432748538011696
16 0.08203125 0.5307017543859649 0.0498046875 0.07017543859649122
16 0.17529296875 0.45614035087719296 0.0439453125 0.06432748538011696
16 0.109375 0.4342105263157895 0.0439453125 0.06432748538011696
16 0.20166015625 0.3669590643274854 0.046875 0.07017543859649122
16 0.13427734375 0.3442982456140351 0.0419921875 0.05847953216374269
0 0.2763671875 0.5423976608187134 0.1015625 0.11695906432748537
10 0.818359375 0.564327485380117 0.0556640625 0.08187134502923976