0 0.45875 0.11594202898550725 0.0625 0.15072463768115943
11 0.41875 0.14492753623188406 0.03375 0.12753623188405797
11 0.384375 0.16231884057971013 0.0375 0.1246376811594203
11 0.423125 0.35507246376811596 0.0375 0.13043478260869565
16 0.485 0.48840579710144927 0.03375 0.07536231884057971
16 0.490625 0.6072463768115942 0.03375 0.08115942028985507
16 0.440625 0.508695652173913 0.03375 0.08405797101449275
16 0.44375 0.6275362318840579 0.0325 0.0782608695652174
16 0.400625 0.6434782608695652 0.03625 0.08405797101449275
11 0.39 0.36666666666666664 0.03875 0.1391304347826087
10 0.3925 0.5289855072463768 0.03625 0.09565217391304348