0 0.453125 0.11884057971014493 0.06375 0.1536231884057971
11 0.413125 0.15217391304347827 0.03625 0.12753623188405797
11 0.379375 0.17246376811594202 0.03875 0.1246376811594203
11 0.420625 0.36086956521739133 0.04 0.13043478260869565
16 0.485 0.48985507246376814 0.03375 0.0782608695652174
16 0.491875 0.6086956521739131 0.035 0.08405797101449275
16 0.44125 0.5130434782608696 0.035 0.08695652173913043
16 0.445625 0.6318840579710145 0.03375 0.0782608695652174
16 0.403125 0.6521739130434783 0.0375 0.08695652173913043
11 0.388125 0.3753623188405797 0.04 0.1391304347826087
10 0.393125 0.5376811594202898 0.0375 0.09855072463768116