0 0.515 0.10579710144927536 0.06 0.14492753623188406
11 0.473125 0.10289855072463767 0.0325 0.1246376811594203
11 0.438125 0.09420289855072464 0.035 0.12173913043478261
11 0.4475 0.30434782608695654 0.035 0.12753623188405797
16 0.4875 0.4782608695652174 0.0325 0.07246376811594203
16 0.47625 0.5942028985507246 0.0325 0.0782608695652174
16 0.443125 0.463768115942029 0.0325 0.08115942028985507
16 0.42875 0.5782608695652174 0.03125 0.07536231884057971
16 0.385625 0.5608695652173913 0.035 0.08115942028985507
11 0.415 0.29130434782608694 0.03625 0.13623188405797101
10 0.39375 0.4463768115942029 0.035 0.0927536231884058