4 0.917 0.43448275862068964 0.072 0.2413793103448276
4 0.911 0.11379310344827587 0.074 0.22758620689655173
5 0.647 0.5758620689655173 0.248 0.2482758620689655
3 0.747 0.1413793103448276 0.114 0.22758620689655173
3 0.521 0.20689655172413793 0.118 0.22758620689655173
16 0.387 0.8068965517241379 0.052 0.1724137931034483
16 0.313 0.8310344827586207 0.052 0.1793103448275862
16 0.382 0.5379310344827586 0.052 0.16551724137931034
16 0.308 0.5620689655172414 0.052 0.1793103448275862
16 0.375 0.2689655172413793 0.052 0.1793103448275862
16 0.301 0.2896551724137931 0.054 0.1724137931034483
0 0.197 0.6827586206896552 0.1 0.2620689655172414
0 0.081 0.7172413793103448 0.1 0.25517241379310346
11 0.196 0.45517241379310347 0.084 0.15172413793103448
11 0.076 0.4896551724137931 0.086 0.15172413793103448
11 0.19 0.27241379310344827 0.082 0.13793103448275862
11 0.07 0.30344827586206896 0.084 0.15172413793103448