0 0.2 0.5294943820224719 0.1125 0.16853932584269662
11 0.340625 0.3553370786516854 0.0875 0.08426966292134831
11 0.203125 0.3497191011235955 0.08875 0.09269662921348315
11 0.34 0.22191011235955055 0.08625 0.09550561797752809
11 0.203125 0.22612359550561797 0.085 0.08707865168539326
16 0.08375 0.6193820224719101 0.0525 0.12078651685393259
16 0.08625 0.4353932584269663 0.04875 0.1151685393258427
16 0.089375 0.25140449438202245 0.05 0.1151685393258427
5 0.63125 0.5519662921348315 0.255 0.1348314606741573
3 0.746875 0.273876404494382 0.1225 0.14606741573033707
15 0.51375 0.2654494382022472 0.1175 0.14887640449438203
4 0.90125 0.5014044943820225 0.06625 0.1544943820224719
4 0.9025 0.28230337078651685 0.06875 0.14606741573033707