13 0.315 0.03131991051454139 0.065 0.06263982102908278
15 0.363125 0.025727069351230425 0.04875 0.05145413870246085
1 0.315625 0.1767337807606264 0.03875 0.11409395973154363
11 0.39 0.44966442953020136 0.0425 0.10738255033557047
11 0.3625 0.43400447427293065 0.04 0.10514541387024609
11 0.326875 0.5671140939597316 0.0375 0.1029082774049217
11 0.300625 0.5525727069351231 0.03625 0.09619686800894854
16 0.359375 0.7170022371364653 0.0275 0.05592841163310962
16 0.35625 0.802013422818792 0.0275 0.053691275167785234
16 0.326875 0.697986577181208 0.02625 0.049217002237136466
16 0.32375 0.7796420581655481 0.03 0.05592841163310962
16 0.293125 0.6756152125279642 0.02625 0.05145413870246085
16 0.290625 0.756152125279642 0.02625 0.05145413870246085
0 0.360625 0.5883668903803132 0.06 0.13646532438478748
10 0.315625 0.30313199105145416 0.035 0.06935123042505593
8 0.335625 0.4228187919463087 0.04125 0.10738255033557047
6 0.306875 0.407158836689038 0.04125 0.12080536912751678