4 0.1375 0.8881431767337807 0.04125 0.06263982102908278
4 0.144375 0.9720357941834452 0.04375 0.05145413870246085
13 0.26875 0.9642058165548099 0.1 0.06711409395973154
15 0.26625 0.883668903803132 0.065 0.06263982102908278
1 0.38125 0.9105145413870246 0.06125 0.04697986577181208
11 0.505 0.703579418344519 0.05625 0.05592841163310962
11 0.505 0.7550335570469798 0.055 0.05145413870246085
11 0.586875 0.7762863534675615 0.05375 0.04697986577181208
11 0.58625 0.825503355704698 0.05 0.04697986577181208
16 0.6575 0.6767337807606264 0.0275 0.040268456375838924
16 0.703125 0.6577181208053692 0.02625 0.040268456375838924
16 0.656875 0.738255033557047 0.02375 0.040268456375838924
16 0.70125 0.7203579418344519 0.0275 0.0447427293064877
16 0.654375 0.8031319910514542 0.025 0.040268456375838924
16 0.698125 0.7829977628635347 0.025 0.040268456375838924
0 0.588125 0.7125279642058165 0.0675 0.08501118568232663
10 0.44875 0.8736017897091722 0.03375 0.05145413870246085
8 0.50625 0.8042505592841164 0.05625 0.053691275167785234
6 0.506875 0.8579418344519015 0.06375 0.05145413870246085