4 0.171875 0.9686800894854586 0.04625 0.058165548098434
13 0.3075 0.9854586129753915 0.105 0.024608501118568233
15 0.298125 0.9384787472035794 0.06875 0.07606263982102908
1 0.414375 0.9362416107382551 0.06375 0.06040268456375839
11 0.52125 0.7002237136465325 0.05875 0.06711409395973154
11 0.525 0.7516778523489933 0.0575 0.06487695749440715
11 0.6075 0.7527964205816555 0.05625 0.06040268456375839
11 0.610625 0.8008948545861297 0.0525 0.058165548098434
16 0.669375 0.6364653243847874 0.03 0.0447427293064877
16 0.71375 0.6051454138702461 0.02875 0.0447427293064877
16 0.67375 0.6968680089485458 0.02625 0.0447427293064877
16 0.71625 0.6677852348993288 0.03 0.049217002237136466
16 0.67625 0.761744966442953 0.0275 0.0447427293064877
16 0.718125 0.7315436241610739 0.0275 0.0447427293064877
0 0.60375 0.6890380313199105 0.0725 0.10067114093959731
10 0.478125 0.8825503355704698 0.03625 0.058165548098434
8 0.53 0.7997762863534675 0.05875 0.06487695749440715
6 0.535 0.8523489932885906 0.06625 0.06487695749440715