6 0.6425 0.13728323699421965 0.08333333333333333 0.06069364161849711
6 0.7508333333333334 0.1546242774566474 0.09833333333333333 0.06358381502890173
0 0.5175 0.2846820809248555 0.09166666666666666 0.12427745664739884
0 0.38916666666666666 0.2615606936416185 0.095 0.13005780346820808
11 0.9191666666666667 0.3959537572254335 0.07666666666666666 0.07225433526011561
11 0.9183333333333333 0.3208092485549133 0.07333333333333333 0.06936416184971098
11 0.5191666666666667 0.18786127167630057 0.07333333333333333 0.06358381502890173
11 0.6408333333333334 0.2875722543352601 0.08166666666666667 0.06647398843930635
11 0.6416666666666667 0.2138728323699422 0.08 0.06647398843930635
11 0.5233333333333333 0.11705202312138728 0.07333333333333333 0.06069364161849711
11 0.395 0.16473988439306358 0.07666666666666666 0.06647398843930635
11 0.3983333333333333 0.09248554913294797 0.07833333333333334 0.06069364161849711
4 0.9191666666666667 0.2254335260115607 0.055 0.08670520231213873
10 0.30666666666666664 0.07947976878612717 0.056666666666666664 0.08092485549132948
16 0.2891666666666667 0.27601156069364163 0.043333333333333335 0.06647398843930635
16 0.21916666666666668 0.2630057803468208 0.043333333333333335 0.06647398843930635
16 0.29833333333333334 0.18063583815028902 0.045 0.07225433526011561
16 0.2275 0.16907514450867053 0.045 0.07514450867052024
16 0.23666666666666666 0.07514450867052024 0.045 0.08092485549132948