6 0.3541666666666667 0.8583815028901735 0.08333333333333333 0.06358381502890173
6 0.24583333333333332 0.8367052023121387 0.09833333333333333 0.06647398843930635
0 0.48 0.7138728323699421 0.09166666666666666 0.12427745664739884
0 0.6083333333333333 0.7413294797687862 0.095 0.1329479768786127
11 0.08 0.5910404624277457 0.07833333333333334 0.07514450867052024
11 0.08 0.6676300578034682 0.075 0.07225433526011561
11 0.4775 0.8106936416184971 0.07333333333333333 0.06647398843930635
11 0.3575 0.708092485549133 0.08333333333333333 0.06936416184971098
11 0.355 0.7817919075144508 0.08166666666666667 0.06936416184971098
11 0.47333333333333333 0.8815028901734104 0.07333333333333333 0.06358381502890173
11 0.6016666666666667 0.8395953757225434 0.07833333333333334 0.06936416184971098
11 0.5975 0.9104046242774566 0.07833333333333334 0.06358381502890173
4 0.07833333333333334 0.7630057803468208 0.055 0.08959537572254335
10 0.6891666666666667 0.9263005780346821 0.056666666666666664 0.0838150289017341
16 0.7083333333333334 0.7297687861271677 0.045 0.06647398843930635
16 0.7783333333333333 0.7456647398843931 0.045 0.06647398843930635
16 0.6983333333333334 0.8265895953757225 0.045 0.07225433526011561
16 0.7691666666666667 0.8395953757225434 0.045 0.07514450867052024
16 0.7591666666666667 0.9320809248554913 0.045 0.08092485549132948