6 0.28583333333333333 0.2658959537572254 0.03333333333333333 0.14450867052023122
6 0.2925 0.08236994219653179 0.035 0.16473988439306358
0 0.375 0.476878612716763 0.06833333333333333 0.1531791907514451
0 0.36666666666666664 0.7008670520231214 0.07166666666666667 0.15895953757225434
11 0.31916666666666665 0.476878612716763 0.03333333333333333 0.12716763005780346
11 0.37333333333333335 0.26445086705202314 0.03666666666666667 0.1416184971098266
11 0.3308333333333333 0.26445086705202314 0.03666666666666667 0.13872832369942195
11 0.2783333333333333 0.47398843930635837 0.03166666666666667 0.12716763005780346
11 0.31 0.6936416184971098 0.03666666666666667 0.1329479768786127
11 0.2683333333333333 0.6893063583815029 0.03333333333333333 0.13583815028901733
10 0.26416666666666666 0.8497109826589595 0.045 0.0953757225433526
16 0.37833333333333335 0.8728323699421965 0.03666666666666667 0.07514450867052024
16 0.37333333333333335 0.9739884393063584 0.03666666666666667 0.03468208092485549
16 0.3225 0.861271676300578 0.04 0.07514450867052024
16 0.32 0.9667630057803468 0.041666666666666664 0.04335260115606936
16 0.265 0.958092485549133 0.04666666666666667 0.05202312138728324