16 0.692 0.5570570570570571 0.026 0.042042042042042045
16 0.723 0.5540540540540541 0.024 0.042042042042042045
16 0.754 0.5525525525525525 0.022 0.042042042042042045
0 0.708 0.43843843843843844 0.036 0.0990990990990991
11 0.738 0.43993993993993996 0.02 0.08408408408408409
11 0.761 0.44144144144144143 0.022 0.08108108108108109
11 0.68 0.6471471471471472 0.026 0.08108108108108109
11 0.704 0.6471471471471472 0.02 0.08108108108108109
11 0.724 0.6426426426426426 0.02 0.08108108108108109
11 0.745 0.6411411411411412 0.02 0.08108108108108109
3 0.732 0.975975975975976 0.036 0.042042042042042045
5 0.692 0.9024024024024024 0.044 0.1891891891891892
15 0.747 0.8018018018018018 0.032 0.0960960960960961