16 0.517 0.7927927927927928 0.034 0.04804804804804805
16 0.527 0.8363363363363363 0.032 0.04504504504504504
16 0.536 0.8813813813813813 0.032 0.042042042042042045
0 0.596 0.7822822822822822 0.07 0.07207207207207207
11 0.604 0.8258258258258259 0.058 0.04804804804804805
11 0.609 0.8603603603603603 0.058 0.04804804804804805
11 0.455 0.8003003003003003 0.058 0.05405405405405406
11 0.462 0.8348348348348348 0.056 0.04504504504504504
11 0.471 0.8618618618618619 0.056 0.04504504504504504
11 0.478 0.8918918918918919 0.056 0.04504504504504504
4 0.122 0.9174174174174174 0.044 0.057057057057057055
4 0.145 0.9654654654654654 0.044 0.06006006006006006
3 0.234 0.9669669669669669 0.08 0.06006006006006006
5 0.279 0.8933933933933934 0.162 0.1111111111111111
15 0.375 0.93993993993994 0.068 0.06606606606606606