16 0.551 0.21621621621621623 0.03 0.042042042042042045
16 0.551 0.16966966966966968 0.03 0.03903903903903904
16 0.553 0.12312312312312312 0.03 0.036036036036036036
0 0.474 0.18468468468468469 0.068 0.06006006006006006
11 0.477 0.13963963963963963 0.058 0.036036036036036036
11 0.479 0.10510510510510511 0.056 0.03903903903903904
11 0.611 0.24174174174174173 0.056 0.04504504504504504
11 0.612 0.2057057057057057 0.056 0.036036036036036036
11 0.61 0.17417417417417416 0.056 0.036036036036036036
11 0.61 0.14264264264264265 0.056 0.036036036036036036
4 0.95 0.30180180180180183 0.04 0.05105105105105105
4 0.939 0.24474474474474475 0.042 0.05405405405405406
3 0.857 0.1921921921921922 0.074 0.057057057057057055
5 0.797 0.24324324324324326 0.16 0.07807807807807808
15 0.717 0.15015015015015015 0.064 0.05405405405405406