16 0.1778125 0.8507692307692307 0.031875 0.05
16 0.136875 0.8980769230769231 0.026875 0.045384615384615384
16 0.1278125 0.838076923076923 0.030625 0.04846153846153846
16 0.119375 0.7838461538461539 0.0275 0.04
16 0.168125 0.791923076923077 0.026875 0.046153846153846156
11 0.4890625 0.5146153846153846 0.065 0.08
11 0.475625 0.4665384615384615 0.063125 0.0823076923076923
11 0.4646875 0.4246153846153846 0.063125 0.08
11 0.45875 0.3830769230769231 0.059375 0.07615384615384616
11 0.393125 0.5126923076923077 0.05875 0.0876923076923077
11 0.3846875 0.47192307692307695 0.06 0.07692307692307693
0 0.409375 0.571923076923077 0.068125 0.10923076923076923
1 0.31625 0.6473076923076924 0.066875 0.08538461538461538
17 0.30125 0.5711538461538461 0.07 0.0876923076923077
11 0.2346875 0.7003846153846154 0.05625 0.07923076923076923
11 0.2265625 0.6588461538461539 0.054375 0.07615384615384616
10 0.16 0.7365384615384616 0.0375 0.06769230769230769
4 0.2453125 0.7557692307692307 0.04 0.06692307692307692
10 0.3209375 0.7057692307692308 0.039375 0.05846153846153846