16 0.3221875 0.02 0.043125 0.04
16 0.3703125 0.023846153846153847 0.03875 0.036153846153846154
11 0.491875 0.4826923076923077 0.069375 0.08538461538461538
11 0.533125 0.48115384615384615 0.07125 0.08307692307692308
11 0.5690625 0.4803846153846154 0.069375 0.08307692307692308
11 0.6028125 0.48538461538461536 0.06625 0.07846153846153846
11 0.5215625 0.37038461538461537 0.075 0.07846153846153846
11 0.5553125 0.3726923076923077 0.06625 0.07923076923076923
0 0.470625 0.3723076923076923 0.093125 0.09230769230769231
1 0.439375 0.24076923076923076 0.07375 0.0876923076923077
17 0.503125 0.2453846153846154 0.07625 0.09230769230769231
11 0.421875 0.12923076923076923 0.068125 0.07538461538461538
11 0.4565625 0.13192307692307692 0.065 0.07230769230769231
10 0.415625 0.03076923076923077 0.056875 0.05153846153846154
4 0.375625 0.12538461538461537 0.056875 0.054615384615384614
10 0.3925 0.22884615384615384 0.05 0.05307692307692308