16 0.1878125 0.8642307692307692 0.033125 0.05153846153846154
16 0.1484375 0.9134615384615384 0.0275 0.046153846153846156
16 0.1378125 0.8538461538461538 0.031875 0.04923076923076923
16 0.1275 0.8 0.028125 0.040769230769230766
16 0.1765625 0.8061538461538461 0.0275 0.04692307692307692
11 0.489375 0.515 0.066875 0.0823076923076923
11 0.4746875 0.4673076923076923 0.065 0.08461538461538462
11 0.4625 0.42615384615384616 0.065 0.0823076923076923
11 0.4553125 0.385 0.06125 0.07846153846153846
11 0.3934375 0.5173076923076924 0.060625 0.09
11 0.3840625 0.47692307692307695 0.061875 0.07846153846153846
0 0.4115625 0.5757692307692308 0.07125 0.11153846153846154
1 0.3203125 0.655 0.06875 0.0876923076923077
17 0.3034375 0.5796153846153846 0.071875 0.09
11 0.2403125 0.7115384615384616 0.058125 0.08076923076923077
11 0.23125 0.6703846153846154 0.05625 0.07769230769230769
10 0.166875 0.7511538461538462 0.039375 0.06846153846153846
4 0.2528125 0.7665384615384615 0.041875 0.06846153846153846
10 0.326875 0.7134615384615385 0.040625 0.06