4 0.064 0.3939393939393939 0.064 0.24242424242424243
4 0.065 0.7537878787878788 0.062 0.24242424242424243
5 0.331 0.30303030303030304 0.24 0.18181818181818182
3 0.219 0.7651515151515151 0.116 0.22727272727272727
15 0.449 0.7765151515151515 0.102 0.17424242424242425
16 0.869 0.2196969696969697 0.05 0.18181818181818182
16 0.945 0.2196969696969697 0.05 0.1893939393939394
16 0.868 0.4810606060606061 0.048 0.17424242424242425
16 0.945 0.4810606060606061 0.05 0.1893939393939394
16 0.868 0.75 0.046 0.1893939393939394
16 0.944 0.75 0.048 0.1893939393939394
0 0.748 0.32575757575757575 0.092 0.2727272727272727
11 0.749 0.6022727272727273 0.084 0.15151515151515152
11 0.75 0.8068181818181818 0.084 0.14393939393939395
11 0.611 0.6022727272727273 0.084 0.13636363636363635
11 0.61 0.8068181818181818 0.084 0.14393939393939395