4 0.384765625 0.11197916666666667 0.0537109375 0.052083333333333336
11 0.52490234375 0.4850260416666667 0.0693359375 0.08203125
11 0.5634765625 0.4811197916666667 0.0693359375 0.08463541666666667
11 0.59765625 0.4772135416666667 0.0673828125 0.08463541666666667
11 0.63232421875 0.4778645833333333 0.0634765625 0.08333333333333333
11 0.5458984375 0.3639322916666667 0.068359375 0.08072916666666667
11 0.58154296875 0.3606770833333333 0.0673828125 0.07942708333333333
11 0.43212890625 0.111328125 0.06640625 0.07552083333333333
10 0.4072265625 0.224609375 0.052734375 0.05859375
10 0.4228515625 0.015625 0.052734375 0.03125
0 0.49658203125 0.369140625 0.0966796875 0.10026041666666667
1 0.45654296875 0.22981770833333334 0.0654296875 0.08984375
17 0.51953125 0.23111979166666666 0.07421875 0.10026041666666667
16 0.32568359375 0.010416666666666666 0.0341796875 0.020833333333333332
16 0.37548828125 0.010416666666666666 0.0439453125 0.020833333333333332
11 0.46728515625 0.11067708333333333 0.06640625 0.07421875