4 0.24853515625 0.7486979166666666 0.0400390625 0.07161458333333333
11 0.48291015625 0.4720052083333333 0.0625 0.09375
11 0.4697265625 0.4231770833333333 0.064453125 0.09244791666666667
11 0.45849609375 0.3802083333333333 0.064453125 0.08984375
11 0.44970703125 0.3352864583333333 0.0634765625 0.08463541666666667
11 0.3896484375 0.4759114583333333 0.0615234375 0.09244791666666667
11 0.3779296875 0.4309895833333333 0.060546875 0.09114583333333333
11 0.23583984375 0.6881510416666666 0.0576171875 0.08854166666666667
10 0.32421875 0.6907552083333334 0.044921875 0.07161458333333333
10 0.16064453125 0.7272135416666666 0.0380859375 0.06770833333333333
0 0.40576171875 0.5377604166666666 0.076171875 0.13020833333333334
1 0.3154296875 0.6256510416666666 0.068359375 0.08854166666666667
17 0.30029296875 0.544921875 0.076171875 0.10026041666666667
16 0.18359375 0.853515625 0.0283203125 0.044270833333333336
16 0.14453125 0.9049479166666666 0.0263671875 0.044270833333333336
16 0.1708984375 0.7903645833333334 0.0283203125 0.057291666666666664
16 0.1337890625 0.841796875 0.0302734375 0.05078125
16 0.1240234375 0.783203125 0.0283203125 0.05078125
11 0.2265625 0.642578125 0.056640625 0.08854166666666667