4 0.265625 0.77734375 0.0439453125 0.07421875
11 0.48095703125 0.4739583333333333 0.06640625 0.09895833333333333
11 0.46484375 0.4270833333333333 0.0693359375 0.09765625
11 0.45068359375 0.3854166666666667 0.068359375 0.09505208333333333
11 0.43896484375 0.341796875 0.0673828125 0.08984375
11 0.38818359375 0.4889322916666667 0.06640625 0.09765625
11 0.37353515625 0.4453125 0.0654296875 0.09635416666666667
11 0.2490234375 0.7180989583333334 0.0625 0.09375
10 0.33740234375 0.7102864583333334 0.0478515625 0.07421875
10 0.1767578125 0.765625 0.0419921875 0.0703125
0 0.40869140625 0.548828125 0.0830078125 0.13541666666666666
1 0.32470703125 0.6471354166666666 0.072265625 0.09375
17 0.3037109375 0.5677083333333334 0.0810546875 0.10677083333333333
16 0.2080078125 0.8893229166666666 0.0302734375 0.046875
16 0.17236328125 0.9453125 0.0283203125 0.045572916666666664
16 0.19091796875 0.8274739583333334 0.0322265625 0.05859375
16 0.1572265625 0.8828125 0.0322265625 0.053385416666666664
16 0.14404296875 0.826171875 0.0302734375 0.052083333333333336
11 0.23681640625 0.673828125 0.0615234375 0.09375