0 0.48089887640449436 0.16666666666666666 0.0853932584269663 0.25396825396825395
11 0.5460674157303371 0.12962962962962962 0.04943820224719101 0.19047619047619047
11 0.5932584269662922 0.1111111111111111 0.05393258426966292 0.20634920634920634
16 0.47752808988764045 0.5873015873015873 0.04943820224719101 0.1164021164021164
16 0.4640449438202247 0.42592592592592593 0.056179775280898875 0.12698412698412698
16 0.5483146067415731 0.5529100529100529 0.056179775280898875 0.12698412698412698
16 0.5359550561797752 0.3862433862433862 0.05393258426966292 0.12169312169312169
16 0.6179775280898876 0.5211640211640212 0.051685393258426963 0.12169312169312169
16 0.604494382022472 0.35978835978835977 0.051685393258426963 0.12169312169312169
6 0.6617977528089888 0.7777777777777778 0.05393258426966292 0.2751322751322751
5 0.5393258426966292 0.8703703703703703 0.07191011235955057 0.24867724867724866