4 0.9314606741573034 0.6349206349206349 0.06741573033707865 0.15873015873015872
4 0.9483146067415731 0.43386243386243384 0.06741573033707865 0.15873015873015872
0 0.36179775280898874 0.41005291005291006 0.10786516853932585 0.20105820105820105
0 0.23370786516853934 0.3544973544973545 0.1101123595505618 0.19576719576719576
11 0.3741573033707865 0.2566137566137566 0.08089887640449438 0.1111111111111111
11 0.24606741573033708 0.20105820105820105 0.08764044943820225 0.12698412698412698
11 0.3853932584269663 0.1455026455026455 0.08764044943820225 0.12698412698412698
11 0.2573033707865168 0.08994708994708994 0.0853932584269663 0.12169312169312169
16 0.5258426966292135 0.582010582010582 0.04943820224719101 0.1111111111111111
16 0.45730337078651684 0.5476190476190477 0.05393258426966292 0.12698412698412698
16 0.5404494382022472 0.41534391534391535 0.05393258426966292 0.12698412698412698
16 0.4696629213483146 0.3783068783068783 0.04943820224719101 0.12169312169312169
16 0.5550561797752809 0.25396825396825395 0.04943820224719101 0.1164021164021164
16 0.48651685393258426 0.21957671957671956 0.04943820224719101 0.1164021164021164
6 0.6719101123595506 0.25925925925925924 0.11685393258426967 0.12169312169312169
16 0.8606741573033708 0.3835978835978836 0.056179775280898875 0.12698412698412698
5 0.7258426966292135 0.5925925925925926 0.23595505617977527 0.2222222222222222
10 0.7910112359550562 0.32275132275132273 0.06292134831460675 0.15343915343915343