0 0.5089887640449439 0.164021164021164 0.0696629213483146 0.2328042328042328
11 0.5752808988764045 0.15873015873015872 0.035955056179775284 0.17989417989417988
11 0.6235955056179775 0.16137566137566137 0.04044943820224719 0.19047619047619047
16 0.4707865168539326 0.5740740740740741 0.04044943820224719 0.10052910052910052
16 0.4707865168539326 0.41005291005291006 0.04719101123595506 0.10582010582010581
16 0.5438202247191011 0.5740740740740741 0.04719101123595506 0.10582010582010581
16 0.5438202247191011 0.40476190476190477 0.0449438202247191 0.10052910052910052
16 0.6146067415730337 0.5740740740740741 0.04269662921348315 0.10052910052910052
16 0.6134831460674157 0.41005291005291006 0.04269662921348315 0.10052910052910052
6 0.6359550561797753 0.8465608465608465 0.033707865168539325 0.26455026455026454
5 0.5089887640449439 0.8809523809523809 0.056179775280898875 0.2275132275132275