4 0.9780844155844156 0.4513715710723192 0.027597402597402596 0.04738154613466334
4 0.963474025974026 0.4014962593516209 0.02922077922077922 0.04738154613466334
0 0.6566558441558441 0.300498753117207 0.045454545454545456 0.07231920199501247
11 0.7045454545454546 0.2880299251870324 0.037337662337662336 0.04987531172069826
11 0.6996753246753247 0.2543640897755611 0.03896103896103896 0.05486284289276808
11 0.6477272727272727 0.2593516209476309 0.03896103896103896 0.057356608478802994
11 0.6436688311688312 0.2281795511221945 0.037337662337662336 0.04488778054862843
8 0.711038961038961 0.3254364089775561 0.03409090909090909 0.05236907730673317
16 0.7702922077922078 0.36034912718204487 0.01948051948051948 0.034912718204488775
16 0.7613636363636364 0.3179551122194514 0.01948051948051948 0.034912718204488775
16 0.7532467532467533 0.2805486284289277 0.01948051948051948 0.03740648379052369
15 0.838474025974026 0.3117206982543641 0.04220779220779221 0.06234413965087282
3 0.9237012987012987 0.35910224438902744 0.04707792207792208 0.07231920199501247
5 0.8977272727272727 0.4027431421446384 0.09577922077922078 0.1172069825436409