4 0.9553571428571429 0.7306733167082294 0.027597402597402596 0.04987531172069826
4 0.9537337662337663 0.6745635910224439 0.02922077922077922 0.04987531172069826
0 0.6939935064935064 0.40523690773067333 0.04707792207792208 0.07231920199501247
11 0.7418831168831169 0.42144638403990026 0.037337662337662336 0.05236907730673317
11 0.7443181818181818 0.3877805486284289 0.03896103896103896 0.057356608478802994
11 0.6956168831168831 0.3628428927680798 0.040584415584415584 0.059850374064837904
11 0.6996753246753247 0.33042394014962595 0.03896103896103896 0.04738154613466334
8 0.7378246753246753 0.45885286783042395 0.03409090909090909 0.05236907730673317
16 0.7840909090909091 0.5249376558603491 0.01948051948051948 0.034912718204488775
16 0.786525974025974 0.48129675810473815 0.01948051948051948 0.034912718204488775
16 0.7881493506493507 0.442643391521197 0.01948051948051948 0.03740648379052369
15 0.859577922077922 0.5211970074812967 0.04383116883116883 0.06234413965087282
3 0.9277597402597403 0.6122194513715711 0.048701298701298704 0.07481296758104738
5 0.8920454545454546 0.6384039900249376 0.09740259740259741 0.11970074812967581