4 0.77783203125 0.5908424908424909 0.04296875 0.05934065934065934
0 0.6689453125 0.6336996336996337 0.07275390625 0.09084249084249084
1 0.52490234375 0.4443223443223443 0.05908203125 0.05714285714285714
1 0.452880859375 0.44358974358974357 0.041015625 0.08351648351648351
11 0.761962890625 0.6450549450549451 0.06396484375 0.063003663003663
11 0.7509765625 0.6886446886446886 0.06396484375 0.060805860805860805
11 0.60888671875 0.4908424908424908 0.05419921875 0.05054945054945055
11 0.6962890625 0.536996336996337 0.05859375 0.05347985347985348
11 0.685302734375 0.5783882783882784 0.06005859375 0.05714285714285714
11 0.595947265625 0.5344322344322344 0.06103515625 0.060805860805860805
16 0.22705078125 0.31062271062271063 0.02978515625 0.04542124542124542
16 0.20654296875 0.3597069597069597 0.029296875 0.04542124542124542
16 0.188232421875 0.4117216117216117 0.0322265625 0.04542124542124542
16 0.25390625 0.3831501831501832 0.03271484375 0.04542124542124542
16 0.2333984375 0.432967032967033 0.03076171875 0.040293040293040296
15 0.339111328125 0.46007326007326005 0.06884765625 0.06446886446886448
10 0.2734375 0.32454212454212455 0.04052734375 0.047619047619047616
6 0.58251953125 0.5791208791208792 0.0693359375 0.05860805860805861
17 0.5078125 0.5043956043956044 0.07470703125 0.06153846153846154