4 0.771484375 0.6267399267399267 0.044921875 0.06227106227106227
0 0.66064453125 0.6553113553113553 0.07568359375 0.09597069597069598
1 0.528076171875 0.447985347985348 0.06103515625 0.06153846153846154
1 0.456298828125 0.43772893772893773 0.0439453125 0.08644688644688645
11 0.75244140625 0.6787545787545788 0.06640625 0.06813186813186813
11 0.739013671875 0.7208791208791209 0.06591796875 0.06593406593406594
11 0.60888671875 0.5051282051282051 0.0556640625 0.054945054945054944
11 0.693359375 0.5626373626373626 0.060546875 0.05787545787545788
11 0.679931640625 0.6021978021978022 0.06201171875 0.06153846153846154
11 0.593505859375 0.5468864468864469 0.06298828125 0.0652014652014652
16 0.239013671875 0.27582417582417584 0.03125 0.047619047619047616
16 0.2158203125 0.321978021978022 0.03076171875 0.047619047619047616
16 0.1943359375 0.37142857142857144 0.03369140625 0.047619047619047616
16 0.26171875 0.35128205128205126 0.0341796875 0.047619047619047616
16 0.23828125 0.39853479853479856 0.0322265625 0.04249084249084249
15 0.342041015625 0.4391941391941392 0.0712890625 0.07032967032967033
10 0.284423828125 0.2956043956043956 0.0419921875 0.05128205128205128
6 0.57763671875 0.5897435897435898 0.0712890625 0.06446886446886448
17 0.507568359375 0.5054945054945055 0.07666015625 0.06666666666666667