11 0.41484375 0.40368271954674223 0.0609375 0.053824362606232294
11 0.4109375 0.4745042492917847 0.0625 0.05099150141643059
11 0.40703125 0.5410764872521246 0.0609375 0.05099150141643059
11 0.4046875 0.6090651558073654 0.0609375 0.053824362606232294
11 0.48984375 0.4164305949008499 0.0609375 0.056657223796033995
11 0.4875 0.48583569405099153 0.0578125 0.056657223796033995
11 0.48359375 0.5552407932011332 0.0578125 0.05099150141643059
11 0.4796875 0.6203966005665722 0.0578125 0.053824362606232294
11 0.56484375 0.42917847025495753 0.0578125 0.056657223796033995
11 0.56171875 0.49575070821529743 0.0578125 0.04815864022662889
11 0.5578125 0.5637393767705382 0.0578125 0.04815864022662889
11 0.55546875 0.6303116147308782 0.05625 0.053824362606232294
11 0.63984375 0.4376770538243626 0.0578125 0.053824362606232294
11 0.6359375 0.5084985835694051 0.0578125 0.04815864022662889
11 0.63359375 0.5750708215297451 0.059375 0.053824362606232294
11 0.62890625 0.6416430594900849 0.0578125 0.05099150141643059
11 0.71875 0.5878186968838527 0.0578125 0.053824362606232294
11 0.715625 0.6543909348441926 0.0546875 0.059490084985835696
11 0.815625 0.603399433427762 0.05625 0.059490084985835696
11 0.81328125 0.669971671388102 0.0578125 0.059490084985835696
0 0.72109375 0.5014164305949008 0.0796875 0.11331444759206799
0 0.8203125 0.5127478753541076 0.078125 0.10764872521246459
16 0.90859375 0.46458923512747874 0.0359375 0.06232294617563739
16 0.9046875 0.5609065155807366 0.0359375 0.0708215297450425
16 0.89765625 0.6614730878186968 0.0390625 0.0708215297450425
17 0.31875 0.47592067988668557 0.084375 0.0679886685552408
1 0.3140625 0.6019830028328612 0.071875 0.06232294617563739
17 0.21875 0.5835694050991501 0.0734375 0.059490084985835696