11 0.57890625 0.6118980169971672 0.0625 0.06515580736543909
11 0.58671875 0.5424929178470255 0.0640625 0.06232294617563739
11 0.59453125 0.4773371104815864 0.0625 0.06232294617563739
11 0.60078125 0.41076487252124644 0.0625 0.06515580736543909
11 0.50546875 0.5849858356940509 0.0640625 0.0679886685552408
11 0.51171875 0.5169971671388102 0.0609375 0.0679886685552408
11 0.51953125 0.4475920679886686 0.059375 0.06232294617563739
11 0.5265625 0.3838526912181303 0.059375 0.06515580736543909
11 0.43203125 0.5580736543909348 0.0609375 0.0679886685552408
11 0.4390625 0.49291784702549574 0.059375 0.059490084985835696
11 0.44609375 0.4263456090651558 0.059375 0.059490084985835696
11 0.45234375 0.3597733711048159 0.0578125 0.06232294617563739
11 0.35703125 0.5354107648725213 0.059375 0.06515580736543909
11 0.36484375 0.4660056657223796 0.059375 0.059490084985835696
11 0.37109375 0.39943342776203966 0.0609375 0.06515580736543909
11 0.3796875 0.3356940509915014 0.059375 0.06232294617563739
11 0.2875 0.37110481586402266 0.059375 0.06515580736543909
11 0.29453125 0.3045325779036827 0.0578125 0.0679886685552408
11 0.1921875 0.3385269121813031 0.059375 0.0679886685552408
11 0.1984375 0.2705382436260623 0.0609375 0.0708215297450425
0 0.28046875 0.45750708215297453 0.084375 0.12464589235127478
0 0.18203125 0.4263456090651558 0.0828125 0.11898016997167139
16 0.09140625 0.45892351274787535 0.0375 0.0679886685552408
16 0.10078125 0.3626062322946176 0.0390625 0.0764872521246459
16 0.1140625 0.26487252124645894 0.0421875 0.0764872521246459
17 0.67890625 0.5594900849858357 0.0859375 0.08498583569405099
1 0.690625 0.4348441926345609 0.075 0.07365439093484419
17 0.78515625 0.4702549575070821 0.075 0.0708215297450425