11 0.5421875 0.3356940509915014 0.0265625 0.11048158640226628
11 0.503125 0.3371104815864023 0.025 0.11048158640226628
11 0.46640625 0.3371104815864023 0.025 0.11048158640226628
11 0.42890625 0.3413597733711048 0.0265625 0.11048158640226628
11 0.54453125 0.471671388101983 0.028125 0.11048158640226628
11 0.50625 0.47592067988668557 0.028125 0.1048158640226629
11 0.4671875 0.4773371104815864 0.025 0.1048158640226629
11 0.43125 0.47875354107648727 0.0265625 0.1048158640226629
11 0.546875 0.6076487252124646 0.028125 0.1048158640226629
11 0.51015625 0.6104815864022662 0.0234375 0.10198300283286119
11 0.47265625 0.6118980169971672 0.0234375 0.10198300283286119
11 0.4359375 0.6161473087818697 0.0265625 0.10198300283286119
11 0.55078125 0.7450424929178471 0.0265625 0.1048158640226629
11 0.51171875 0.7464589235127479 0.0234375 0.10198300283286119
11 0.475 0.7492917847025495 0.0265625 0.10764872521246459
11 0.43828125 0.7492917847025495 0.025 0.1048158640226629
11 0.47890625 0.9036827195467422 0.0265625 0.1048158640226629
11 0.44140625 0.9065155807365439 0.0296875 0.09915014164305949
0 0.5265625 0.8980169971671388 0.059375 0.1388101983002833
17 0.49140625 0.16997167138810199 0.034375 0.1501416430594901
1 0.421875 0.17705382436260622 0.03125 0.13031161473087818
17 0.42109375 0.036827195467422094 0.0296875 0.0679886685552408