17 0.458984375 0.8041237113402062 0.115234375 0.1958762886597938
11 0.61962890625 0.3470790378006873 0.083984375 0.16323024054982818
11 0.611083984375 0.5240549828178694 0.08544921875 0.15807560137457044
11 0.728515625 0.7731958762886598 0.08056640625 0.16151202749140894
11 0.720458984375 0.929553264604811 0.08349609375 0.13402061855670103
11 0.09326171875 0.4072164948453608 0.08203125 0.15979381443298968
11 0.087890625 0.5850515463917526 0.08056640625 0.15979381443298968
14 0.268798828125 0.6821305841924399 0.14892578125 0.22852233676975944
4 0.104248046875 0.18384879725085912 0.0703125 0.24054982817869416
15 0.288330078125 0.24656357388316152 0.103515625 0.218213058419244
1 0.473876953125 0.4957044673539519 0.09716796875 0.1718213058419244
10 0.484375 0.24054982817869416 0.05908203125 0.17010309278350516
6 0.604248046875 0.7010309278350515 0.10302734375 0.15292096219931273
6 0.594970703125 0.8797250859106529 0.10498046875 0.15463917525773196
0 0.740478515625 0.5266323024054983 0.099609375 0.27835051546391754
16 0.849365234375 0.49140893470790376 0.05126953125 0.18213058419243985
16 0.92041015625 0.5292096219931272 0.05419921875 0.18900343642611683
16 0.839111328125 0.718213058419244 0.0546875 0.18384879725085912
16 0.91015625 0.7577319587628866 0.05419921875 0.18900343642611683
16 0.830078125 0.9252577319587629 0.0537109375 0.14261168384879724
16 0.8994140625 0.9432989690721649 0.0546875 0.10652920962199312