17 0.492919921875 0.8359106529209622 0.1162109375 0.21477663230240548
11 0.59619140625 0.20704467353951891 0.0849609375 0.17525773195876287
11 0.606201171875 0.38230240549828176 0.08642578125 0.1718213058419244
11 0.7412109375 0.46735395189003437 0.08154296875 0.17353951890034364
11 0.750732421875 0.6357388316151202 0.083984375 0.17525773195876287
11 0.111083984375 0.9175257731958762 0.08349609375 0.15807560137457044
14 0.302734375 0.915807560137457 0.150390625 0.16151202749140894
4 0.0986328125 0.7036082474226805 0.07275390625 0.2508591065292096
15 0.276611328125 0.5300687285223368 0.10498046875 0.23367697594501718
1 0.475341796875 0.5292096219931272 0.09814453125 0.1872852233676976
10 0.459228515625 0.2774914089347079 0.060546875 0.17869415807560138
6 0.61767578125 0.5558419243986255 0.103515625 0.17010309278350516
6 0.62744140625 0.7345360824742269 0.10546875 0.1718213058419244
0 0.727294921875 0.22079037800687284 0.10205078125 0.29381443298969073
16 0.82568359375 0.07388316151202749 0.0537109375 0.14776632302405499
16 0.8955078125 0.048109965635738834 0.056640625 0.09621993127147767
16 0.8388671875 0.2766323024054983 0.056640625 0.19243986254295534
16 0.9091796875 0.22422680412371135 0.05615234375 0.1958762886597938
16 0.853515625 0.5025773195876289 0.05517578125 0.1958762886597938
16 0.92236328125 0.4493127147766323 0.05615234375 0.1958762886597938