4 0.9130859375 0.647594278283485 0.0576171875 0.08322496749024708
4 0.92041015625 0.5377113133940182 0.0595703125 0.07932379713914174
0 0.26416015625 0.406371911573472 0.1171875 0.13394018205461639
1 0.83837890625 0.47724317295188556 0.0869140625 0.0741222366710013
13 0.59375 0.5351105331599479 0.1591796875 0.12743823146944083
15 0.615234375 0.3810143042912874 0.1025390625 0.08842652795838751
11 0.40380859375 0.4343302990897269 0.0966796875 0.08842652795838751
11 0.41552734375 0.3673602080624187 0.0966796875 0.08322496749024708
11 0.28955078125 0.31339401820546164 0.099609375 0.0858257477243173
11 0.3037109375 0.2516254876462939 0.0986328125 0.08452535760728218
16 0.1396484375 0.4154746423927178 0.0546875 0.0741222366710013
16 0.05810546875 0.38491547464239273 0.060546875 0.0741222366710013
16 0.166015625 0.31469440832249673 0.0595703125 0.07672301690507152
16 0.0849609375 0.2795838751625488 0.0576171875 0.07282184655396619
16 0.189453125 0.21261378413524057 0.0537109375 0.06892067620286085
16 0.11376953125 0.18205461638491546 0.056640625 0.07022106631989597
16 0.7646484375 0.44993498049414826 0.0556640625 0.07282184655396619
6 0.4296875 0.30039011703511054 0.11328125 0.09362808842652796