0 0.42529296875 0.8120936280884266 0.1015625 0.15734720416124837
1 0.48974609375 0.053966189856957086 0.0576171875 0.10793237971391417
13 0.52783203125 0.37581274382314694 0.09765625 0.21196358907672302
15 0.41259765625 0.34460338101430427 0.068359375 0.1378413524057217
11 0.44873046875 0.6267880364109233 0.0673828125 0.13003901170351106
11 0.39892578125 0.6105331599479844 0.0634765625 0.12873862158647595
11 0.3564453125 0.7769830949284785 0.0654296875 0.13263979193758127
11 0.31005859375 0.7574772431729518 0.0654296875 0.13133940182054615
16 0.43212890625 0.9687906371911573 0.0537109375 0.055916775032509754
16 0.35595703125 0.9369310793237972 0.0576171875 0.07282184655396619
16 0.27880859375 0.9083224967490247 0.0517578125 0.07282184655396619
16 0.466796875 0.1469440832249675 0.0556640625 0.0741222366710013
6 0.34912109375 0.5903771131339401 0.072265625 0.15214564369310793