4 0.076171875 0.5793237971391417 0.0576171875 0.08192457737321196
4 0.10205078125 0.6840052015604682 0.05859375 0.07932379713914174
0 0.74462890625 0.4635890767230169 0.1162109375 0.13263979193758127
1 0.19482421875 0.6970091027308193 0.0859375 0.07282184655396619
13 0.4033203125 0.5162548764629389 0.158203125 0.12483745123537061
15 0.4287109375 0.6697009102730819 0.1025390625 0.08712613784135241
11 0.60791015625 0.5104031209362809 0.0966796875 0.0858257477243173
11 0.61669921875 0.5780234070221066 0.095703125 0.08192457737321196
11 0.74853515625 0.5624187256176854 0.0986328125 0.08322496749024708
11 0.75390625 0.6261378413524057 0.09765625 0.08322496749024708
16 0.8564453125 0.39076723016905074 0.0537109375 0.07282184655396619
16 0.9404296875 0.37581274382314694 0.0595703125 0.07282184655396619
16 0.86181640625 0.49739921976592977 0.05859375 0.0754226267880364
16 0.94677734375 0.4869960988296489 0.056640625 0.07282184655396619
16 0.8701171875 0.6027308192457738 0.0537109375 0.06762028608582575
16 0.94873046875 0.5916775032509753 0.056640625 0.07022106631989597
16 0.27099609375 0.6840052015604682 0.0546875 0.07152145643693109
6 0.62353515625 0.6469440832249674 0.11328125 0.09232769830949285