4 0.9687034277198212 0.718978102189781 0.05961251862891207 0.10462287104622871
6 0.46795827123695977 0.7627737226277372 0.09836065573770492 0.08029197080291971
6 0.45901639344262296 0.683698296836983 0.09538002980625931 0.07785888077858881
0 0.35171385991058124 0.9172749391727494 0.11028315946348734 0.1386861313868613
11 0.33681073025335323 0.8114355231143552 0.08643815201192251 0.0851581508515815
11 0.3256333830104322 0.7311435523114356 0.08643815201192251 0.0851581508515815
11 0.4880774962742176 0.9197080291970803 0.08047690014903129 0.072992700729927
11 0.4791356184798808 0.8418491484184915 0.07898658718330849 0.07542579075425791
11 0.6065573770491803 0.8917274939172749 0.08196721311475409 0.07785888077858881
11 0.5961251862891207 0.8114355231143552 0.08047690014903129 0.0705596107055961
11 0.5879284649776453 0.732360097323601 0.08047690014903129 0.072992700729927
11 0.7816691505216096 0.6678832116788321 0.08047690014903129 0.07785888077858881
11 0.7727272727272727 0.5863746958637469 0.08345752608047691 0.08029197080291971
11 0.9590163934426229 0.6094890510948905 0.07898658718330849 0.08029197080291971
11 0.9500745156482862 0.5304136253041363 0.08196721311475409 0.08029197080291971
10 0.8666169895678092 0.5632603406326034 0.06110283159463487 0.10218978102189781
11 0.5760059612518629 0.6447688564476886 0.08047690014903129 0.0851581508515815
16 0.2488822652757079 0.975669099756691 0.05365126676602087 0.043795620437956206
16 0.1795827123695976 0.98661800486618 0.05514157973174367 0.021897810218978103
16 0.23621460506706407 0.8929440389294404 0.05365126676602087 0.08759124087591241
16 0.16691505216095381 0.9148418491484185 0.05067064083457526 0.09002433090024331
16 0.22354694485842028 0.7883211678832117 0.05216095380029806 0.08759124087591241
16 0.15424739195231 0.8114355231143552 0.05216095380029806 0.08759124087591241