4 0.05141579731743666 0.17761557177615572 0.05812220566318927 0.09245742092457421
6 0.5536512667660208 0.24695863746958638 0.09538002980625931 0.058394160583941604
6 0.5566318926974665 0.32725060827250607 0.09239940387481371 0.058394160583941604
0 0.6825633383010432 0.12043795620437957 0.10283159463487332 0.11678832116788321
11 0.6885245901639344 0.22871046228710462 0.08196721311475409 0.0681265206812652
11 0.6922503725782414 0.3102189781021898 0.08196721311475409 0.0681265206812652
11 0.5476900149031296 0.08637469586374696 0.07749627421758569 0.058394160583941604
11 0.5499254843517138 0.1654501216545012 0.07600596125186289 0.06082725060827251
11 0.4277198211624441 0.08880778588807786 0.07898658718330849 0.06326034063260341
11 0.4314456035767511 0.16909975669099755 0.07749627421758569 0.05596107055961071
11 0.43293591654247393 0.24939172749391728 0.07749627421758569 0.058394160583941604
11 0.23546944858420268 0.2688564476885645 0.07749627421758569 0.06326034063260341
11 0.23695976154992549 0.3515815085158151 0.07898658718330849 0.06569343065693431
11 0.05439642324888227 0.2871046228710462 0.07749627421758569 0.06326034063260341
11 0.05663189269746647 0.36739659367396593 0.07749627421758569 0.06569343065693431
10 0.14232488822652756 0.354014598540146 0.05514157973174367 0.09245742092457421
11 0.4374068554396423 0.33941605839416056 0.07600596125186289 0.0705596107055961
16 0.7913561847988078 0.06447688564476886 0.04769001490312966 0.07785888077858881
16 0.8614008941877794 0.05961070559610705 0.04769001490312966 0.07542579075425791
16 0.7943368107302533 0.170316301703163 0.04918032786885246 0.08029197080291971
16 0.8651266766020864 0.1654501216545012 0.044709388971684055 0.08029197080291971
16 0.7980625931445604 0.2773722627737226 0.04769001490312966 0.08029197080291971
16 0.8688524590163934 0.27007299270072993 0.04769001490312966 0.08029197080291971