4 0.88301043219076 0.9732360097323601 0.06706408345752608 0.04866180048661801
6 0.4076005961251863 0.7214111922141119 0.09836065573770492 0.0827250608272506
6 0.4180327868852459 0.6435523114355232 0.09538002980625931 0.08029197080291971
0 0.2637853949329359 0.7895377128953771 0.11177347242921014 0.1411192214111922
11 0.2749627421758569 0.6824817518248175 0.08643815201192251 0.08759124087591241
11 0.28390461997019373 0.6021897810218978 0.08643815201192251 0.08759124087591241
11 0.38822652757078985 0.8795620437956204 0.08047690014903129 0.07542579075425791
11 0.3986587183308495 0.8017031630170316 0.07898658718330849 0.07785888077858881
11 0.5044709388971684 0.9282238442822385 0.08345752608047691 0.08029197080291971
11 0.5141579731743666 0.8479318734793188 0.08047690014903129 0.072992700729927
11 0.5253353204172876 0.7700729927007299 0.08047690014903129 0.07542579075425791
11 0.7190760059612519 0.8345498783454988 0.08196721311475409 0.08029197080291971
11 0.7302533532041728 0.754257907542579 0.08345752608047691 0.0827250608272506
11 0.8964232488822653 0.8941605839416058 0.08196721311475409 0.08029197080291971
11 0.9068554396423248 0.8150851581508516 0.08196721311475409 0.0827250608272506
10 0.8226527570789866 0.791970802919708 0.06259314456035768 0.10218978102189781
11 0.5350223546944859 0.681265206812652 0.08047690014903129 0.08759124087591241
16 0.1497764530551416 0.7980535279805353 0.05365126676602087 0.08759124087591241
16 0.08122205663189269 0.7725060827250608 0.05365126676602087 0.0851581508515815
16 0.1631892697466468 0.694647201946472 0.05514157973174367 0.09002433090024331
16 0.09388971684053651 0.6690997566909975 0.05067064083457526 0.09002433090024331
16 0.176602086438152 0.5888077858880778 0.05365126676602087 0.09002433090024331
16 0.10730253353204174 0.5669099756690997 0.05365126676602087 0.09002433090024331