4 0.734295415959253 0.6466666666666666 0.03904923599320883 0.03
4 0.6791171477079796 0.6466666666666666 0.044142614601018676 0.03333333333333333
0 0.6833616298811545 0.39444444444444443 0.044142614601018676 0.042222222222222223
11 0.7529711375212224 0.44222222222222224 0.028862478777589132 0.03666666666666667
11 0.7232597623089984 0.44277777777777777 0.028862478777589132 0.03666666666666667
11 0.7563667232597623 0.39611111111111114 0.028862478777589132 0.03888888888888889
11 0.7241086587436333 0.3972222222222222 0.028862478777589132 0.042222222222222223
11 0.7521222410865874 0.5288888888888889 0.027164685908319185 0.044444444444444446
11 0.7215619694397284 0.5283333333333333 0.022071307300509338 0.04
11 0.7190152801358234 0.48333333333333334 0.025466893039049237 0.03333333333333333
1 0.7512733446519525 0.4822222222222222 0.027164685908319185 0.03777777777777778
16 0.7105263157894737 0.3488888888888889 0.03395585738539898 0.025555555555555557
16 0.6706281833616299 0.34944444444444445 0.030560271646859084 0.025555555555555557
16 0.6723259762308998 0.32 0.030560271646859084 0.025555555555555557
16 0.7130730050933786 0.3211111111111111 0.030560271646859084 0.021111111111111112
16 0.7529711375212224 0.32166666666666666 0.030560271646859084 0.025555555555555557
2 0.6612903225806451 0.8361111111111111 0.09847198641765705 0.04888888888888889
15 0.4567062818336163 0.26166666666666666 0.06281833616298811 0.027777777777777776
1 0.5628183361629882 0.27166666666666667 0.06112054329371817 0.023333333333333334
13 0.6808149405772496 0.2683333333333333 0.09507640067911714 0.02666666666666667