4 0.7156196943972836 0.3416666666666667 0.044142614601018676 0.024444444444444446
4 0.7173174872665535 0.37777777777777777 0.04923599320882852 0.027777777777777776
0 0.33276740237691 0.3838888888888889 0.06281833616298811 0.027777777777777776
11 0.4032258064516129 0.33666666666666667 0.05432937181663837 0.017777777777777778
11 0.40492359932088284 0.3561111111111111 0.05432937181663837 0.017777777777777778
11 0.33276740237691 0.33611111111111114 0.057724957555178265 0.017777777777777778
11 0.33531409168081494 0.3572222222222222 0.06281833616298811 0.017777777777777778
11 0.5356536502546689 0.3338888888888889 0.06791171477079797 0.016666666666666666
11 0.5356536502546689 0.35388888888888886 0.06112054329371817 0.013333333333333334
11 0.466893039049236 0.3572222222222222 0.050933786078098474 0.015555555555555555
1 0.46434634974533107 0.33611111111111114 0.05602716468590832 0.016666666666666666
16 0.2623089983022071 0.36777777777777776 0.03735144312393888 0.021111111111111112
16 0.2640067911714771 0.3938888888888889 0.03735144312393888 0.01888888888888889
16 0.21901528013582344 0.3933333333333333 0.03735144312393888 0.01888888888888889
16 0.21901528013582344 0.36666666666666664 0.030560271646859084 0.01888888888888889
16 0.21901528013582344 0.34055555555555556 0.03735144312393888 0.01888888888888889
2 0.9847198641765704 0.38333333333333336 0.027164685908319185 0.06444444444444444
15 0.13752122241086587 0.5366666666666666 0.04074702886247878 0.04
1 0.1494057724957555 0.4666666666666667 0.03395585738539898 0.03888888888888889
13 0.1400679117147708 0.39 0.03735144312393888 0.06111111111111111