4 0.764855687606112 0.37722222222222224 0.050933786078098474 0.03
4 0.7538200339558574 0.4127777777777778 0.057724957555178265 0.034444444444444444
0 0.3769100169779287 0.3622222222222222 0.07130730050933787 0.03666666666666667
11 0.4617996604414261 0.32666666666666666 0.059422750424448216 0.025555555555555557
11 0.4567062818336163 0.34555555555555556 0.059422750424448216 0.025555555555555557
11 0.3930390492359932 0.31555555555555553 0.06281833616298811 0.025555555555555557
11 0.38879456706281834 0.33666666666666667 0.06791171477079797 0.02666666666666667
11 0.5916808149405772 0.3433333333333333 0.07130730050933787 0.02666666666666667
11 0.5848896434634975 0.36277777777777775 0.06451612903225806 0.022222222222222223
11 0.5169779286926995 0.3561111111111111 0.05432937181663837 0.022222222222222223
1 0.5212224108658744 0.335 0.06112054329371817 0.024444444444444446
16 0.3140916808149406 0.33611111111111114 0.044142614601018676 0.025555555555555557
16 0.3064516129032258 0.3616666666666667 0.042444821731748725 0.024444444444444446
16 0.2631578947368421 0.35444444444444445 0.042444821731748725 0.024444444444444446
16 0.27164685908319186 0.3288888888888889 0.035653650254668934 0.023333333333333334
16 0.28098471986417656 0.30333333333333334 0.042444821731748725 0.024444444444444446
2 0.9932088285229203 0.4583333333333333 0.010186757215619695 0.06777777777777778
15 0.13412563667232597 0.4822222222222222 0.05263157894736842 0.044444444444444446
1 0.1697792869269949 0.4161111111111111 0.04584040747028863 0.043333333333333335
13 0.1867572156196944 0.34 0.057724957555178265 0.06555555555555556