16 0.52265625 0.12774725274725274 0.0296875 0.0521978021978022
16 0.51171875 0.06868131868131869 0.0265625 0.038461538461538464
16 0.553125 0.1346153846153846 0.0296875 0.04945054945054945
16 0.54296875 0.07692307692307693 0.0296875 0.04395604395604396
16 0.58515625 0.13873626373626374 0.028125 0.046703296703296704
16 0.571875 0.08379120879120878 0.0265625 0.046703296703296704
0 0.55 0.22527472527472528 0.040625 0.08241758241758242
4 0.6796875 0.8653846153846154 0.034375 0.06318681318681318
4 0.72421875 0.8571428571428571 0.03125 0.06318681318681318
8 0.578125 0.33653846153846156 0.03125 0.07142857142857142
11 0.60625 0.33791208791208793 0.025 0.07417582417582418
11 0.63046875 0.3392857142857143 0.028125 0.07142857142857142
11 0.58515625 0.23214285714285715 0.0296875 0.07417582417582418
11 0.61015625 0.23351648351648352 0.0296875 0.07417582417582418