16 0.48515625 0.12637362637362637 0.034375 0.06043956043956044
16 0.46875 0.07142857142857142 0.0296875 0.04395604395604396
16 0.51640625 0.12362637362637363 0.0328125 0.057692307692307696
16 0.50078125 0.07005494505494506 0.0328125 0.0521978021978022
16 0.5484375 0.11813186813186813 0.03125 0.0521978021978022
16 0.5296875 0.0673076923076923 0.0296875 0.0521978021978022
0 0.521875 0.21428571428571427 0.0484375 0.09340659340659341
4 0.71328125 0.804945054945055 0.0390625 0.07142857142857142
4 0.75625 0.7843406593406593 0.0359375 0.07142857142857142
8 0.5609375 0.31456043956043955 0.0375 0.07967032967032966
11 0.58828125 0.3076923076923077 0.03125 0.07967032967032966
11 0.6125 0.3021978021978022 0.034375 0.07692307692307693
11 0.55703125 0.21016483516483517 0.0359375 0.07967032967032966
11 0.58203125 0.20467032967032966 0.0359375 0.07967032967032966