16 0.5296875 0.12912087912087913 0.028125 0.04945054945054945
16 0.5203125 0.07005494505494506 0.025 0.03571428571428571
16 0.56015625 0.13873626373626374 0.028125 0.046703296703296704
16 0.5515625 0.07967032967032966 0.028125 0.04120879120879121
16 0.5921875 0.14423076923076922 0.0265625 0.04395604395604396
16 0.58046875 0.08791208791208792 0.025 0.04395604395604396
0 0.55546875 0.22939560439560439 0.040625 0.07967032967032966
4 0.67265625 0.8763736263736264 0.0328125 0.06043956043956044
4 0.7171875 0.8708791208791209 0.0296875 0.06043956043956044
8 0.58125 0.34065934065934067 0.0296875 0.06868131868131869
11 0.609375 0.3447802197802198 0.0234375 0.07142857142857142
11 0.63359375 0.3475274725274725 0.0265625 0.06868131868131869
11 0.590625 0.23763736263736263 0.028125 0.07142857142857142
11 0.615625 0.2403846153846154 0.028125 0.07142857142857142