11 0.349478390461997 0.3491879350348028 0.046199701937406856 0.12761020881670534
11 0.40312965722801786 0.34106728538283065 0.044709388971684055 0.12761020881670534
11 0.3390461997019374 0.14153132250580047 0.04769001490312966 0.13225058004640372
11 0.3919523099850969 0.1334106728538283 0.044709388971684055 0.12993039443155452
0 0.26453055141579734 0.1531322505800464 0.07749627421758569 0.16705336426914152
1 0.3405365126676602 0.9524361948955916 0.046199701937406856 0.09048723897911833
14 0.4105812220566319 0.6345707656612529 0.06110283159463487 0.23665893271461716
15 0.2786885245901639 0.6496519721577726 0.05961251862891207 0.16705336426914152
17 0.4336810730253353 0.9385150812064965 0.05365126676602087 0.11832946635730858
10 0.26453055141579734 0.9721577726218097 0.04918032786885246 0.05104408352668213
6 0.28837555886736216 0.35730858468677495 0.043219076005961254 0.16009280742459397