11 0.3651266766020864 0.31786542923433875 0.046199701937406856 0.12761020881670534
11 0.4180327868852459 0.3213457076566125 0.044709388971684055 0.12761020881670534
11 0.37257824143070045 0.11020881670533643 0.04769001490312966 0.13225058004640372
11 0.4254843517138599 0.1136890951276102 0.044709388971684055 0.12993039443155452
0 0.29806259314456035 0.10556844547563805 0.07749627421758569 0.16705336426914152
1 0.30029806259314457 0.9234338747099768 0.044709388971684055 0.11136890951276102
14 0.39940387481371087 0.6136890951276102 0.06110283159463487 0.23665893271461716
15 0.26751117734724295 0.5997679814385151 0.05961251862891207 0.16705336426914152
17 0.39418777943368105 0.925754060324826 0.05216095380029806 0.12761020881670534
10 0.22280178837555886 0.931554524361949 0.04769001490312966 0.07888631090487239
6 0.30327868852459017 0.31206496519721577 0.043219076005961254 0.16009280742459397