11 0.6266766020864382 0.6960556844547564 0.05067064083457526 0.12993039443155452
11 0.5737704918032787 0.6867749419953596 0.04918032786885246 0.12993039443155452
11 0.6095380029806259 0.9025522041763341 0.05216095380029806 0.1345707656612529
11 0.5573770491803278 0.8932714617169374 0.04918032786885246 0.13225058004640372
0 0.6847988077496274 0.9129930394431555 0.08494783904619971 0.16937354988399073
1 0.7198211624441133 0.09860788863109049 0.04918032786885246 0.11600928074245939
14 0.6058122205663189 0.39791183294663574 0.07153502235469449 0.24129930394431554
15 0.736214605067064 0.4245939675174014 0.06557377049180328 0.1716937354988399
17 0.624441132637854 0.08700696055684455 0.05663189269746647 0.1368909512761021
10 0.797317436661699 0.09860788863109049 0.05067064083457526 0.08584686774941995
6 0.687779433681073 0.7088167053364269 0.04918032786885246 0.16241299303944315