4 0.083 0.1893939393939394 0.076 0.2878787878787879
4 0.07 0.5492424242424242 0.08 0.2878787878787879
5 0.36 0.26136363636363635 0.25 0.3333333333333333
3 0.235 0.6363636363636364 0.128 0.29545454545454547
16 0.913 0.4166666666666667 0.056 0.21212121212121213
16 0.901 0.7007575757575758 0.058 0.20454545454545456
16 0.893 0.9393939393939394 0.058 0.10606060606060606
11 0.762 0.7916666666666666 0.086 0.17424242424242425
11 0.758 0.946969696969697 0.088 0.09090909090909091
11 0.627 0.7159090909090909 0.084 0.17424242424242425
11 0.621 0.9166666666666666 0.08 0.1590909090909091
0 0.771 0.5303030303030303 0.106 0.3106060606060606