16 0.8079166666666666 0.3477777777777778 0.03333333333333333 0.05333333333333334
16 0.8141666666666667 0.4072222222222222 0.03166666666666667 0.04111111111111111
16 0.82125 0.4627777777777778 0.03166666666666667 0.043333333333333335
0 0.665 0.42277777777777775 0.06916666666666667 0.07777777777777778
0 0.7445833333333334 0.4033333333333333 0.06666666666666667 0.07666666666666666
17 0.24208333333333334 0.6322222222222222 0.06416666666666666 0.04666666666666667
17 0.3179166666666667 0.6105555555555555 0.0625 0.04
1 0.3779166666666667 0.5677777777777778 0.03166666666666667 0.0811111111111111
11 0.41541666666666666 0.4583333333333333 0.050833333333333335 0.04
11 0.42041666666666666 0.49944444444444447 0.05 0.03666666666666667
11 0.4275 0.5377777777777778 0.051666666666666666 0.035555555555555556
11 0.4325 0.5788888888888889 0.05 0.03666666666666667
11 0.47375 0.4438888888888889 0.049166666666666664 0.035555555555555556
11 0.4795833333333333 0.48333333333333334 0.049166666666666664 0.04
11 0.48583333333333334 0.5244444444444445 0.050833333333333335 0.03777777777777778
11 0.49166666666666664 0.5661111111111111 0.051666666666666666 0.042222222222222223
11 0.53375 0.42833333333333334 0.050833333333333335 0.03777777777777778
11 0.53875 0.4683333333333333 0.049166666666666664 0.04111111111111111
11 0.5441666666666667 0.5072222222222222 0.051666666666666666 0.03666666666666667
11 0.5508333333333333 0.5477777777777778 0.050833333333333335 0.042222222222222223
11 0.5925 0.41444444444444445 0.05 0.03777777777777778
11 0.59875 0.4533333333333333 0.04833333333333333 0.034444444444444444
11 0.6054166666666667 0.4905555555555556 0.050833333333333335 0.04
11 0.61 0.5316666666666666 0.04666666666666667 0.04111111111111111
11 0.6729166666666667 0.4738888888888889 0.04583333333333333 0.035555555555555556
11 0.6766666666666666 0.5111111111111111 0.05 0.04111111111111111
11 0.7495833333333334 0.4488888888888889 0.049166666666666664 0.04111111111111111
11 0.75625 0.49166666666666664 0.04666666666666667 0.03888888888888889