16 0.8233333333333334 0.4211111111111111 0.0275 0.04888888888888889
16 0.8216666666666667 0.4816666666666667 0.028333333333333332 0.035555555555555556
16 0.82125 0.5377777777777778 0.0275 0.03888888888888889
0 0.6725 0.4622222222222222 0.06166666666666667 0.06444444444444444
0 0.7533333333333333 0.46111111111111114 0.059166666666666666 0.06444444444444444
17 0.22875 0.5705555555555556 0.060833333333333336 0.03333333333333333
17 0.30625 0.5666666666666667 0.06 0.02666666666666667
1 0.37083333333333335 0.5383333333333333 0.021666666666666667 0.07666666666666666
11 0.4220833333333333 0.43944444444444447 0.0475 0.03
11 0.4216666666666667 0.4811111111111111 0.0475 0.02666666666666667
11 0.42375 0.5205555555555555 0.049166666666666664 0.024444444444444446
11 0.42333333333333334 0.5616666666666666 0.0475 0.02666666666666667
11 0.48125 0.4388888888888889 0.04666666666666667 0.025555555555555557
11 0.4820833333333333 0.47888888888888886 0.04583333333333333 0.03
11 0.48291666666666666 0.5211111111111111 0.04833333333333333 0.02666666666666667
11 0.48333333333333334 0.5633333333333334 0.04833333333333333 0.03111111111111111
11 0.5425 0.43722222222222223 0.0475 0.027777777777777776
11 0.5420833333333334 0.4777777777777778 0.04583333333333333 0.03111111111111111
11 0.5429166666666667 0.5172222222222222 0.049166666666666664 0.025555555555555557
11 0.54375 0.5588888888888889 0.0475 0.03222222222222222
11 0.6020833333333333 0.43722222222222223 0.04666666666666667 0.027777777777777776
11 0.6033333333333334 0.4772222222222222 0.04583333333333333 0.024444444444444446
11 0.6054166666666667 0.5155555555555555 0.0475 0.03
11 0.6041666666666666 0.5566666666666666 0.043333333333333335 0.03222222222222222
11 0.67375 0.5144444444444445 0.043333333333333335 0.025555555555555557
11 0.6725 0.5516666666666666 0.04666666666666667 0.03111111111111111
11 0.7525 0.5072222222222222 0.04583333333333333 0.03111111111111111
11 0.7533333333333333 0.5511111111111111 0.043333333333333335 0.03