16 0.8258333333333333 0.4438888888888889 0.0275 0.04888888888888889
16 0.8216666666666667 0.5038888888888889 0.028333333333333332 0.035555555555555556
16 0.8195833333333333 0.56 0.0275 0.03888888888888889
0 0.67375 0.47444444444444445 0.0625 0.06666666666666667
0 0.7545833333333334 0.47888888888888886 0.06 0.06555555555555556
17 0.22625 0.5516666666666666 0.06166666666666667 0.035555555555555556
17 0.30375 0.5533333333333333 0.060833333333333336 0.027777777777777776
1 0.3695833333333333 0.5294444444444445 0.0225 0.07777777777777778
11 0.4245833333333333 0.43444444444444447 0.04833333333333333 0.03111111111111111
11 0.4225 0.47555555555555556 0.04833333333333333 0.027777777777777776
11 0.42291666666666666 0.5155555555555555 0.05 0.025555555555555557
11 0.42083333333333334 0.5561111111111111 0.04833333333333333 0.027777777777777776
11 0.48375 0.43777777777777777 0.0475 0.02666666666666667
11 0.48291666666666666 0.4777777777777778 0.04666666666666667 0.03111111111111111
11 0.4820833333333333 0.52 0.049166666666666664 0.027777777777777776
11 0.48083333333333333 0.5616666666666666 0.049166666666666664 0.03222222222222222
11 0.545 0.44055555555555553 0.04833333333333333 0.028888888888888888
11 0.5429166666666667 0.4811111111111111 0.04666666666666667 0.03222222222222222
11 0.5420833333333334 0.5205555555555555 0.05 0.02666666666666667
11 0.54125 0.5622222222222222 0.04833333333333333 0.03333333333333333
11 0.6045833333333334 0.4444444444444444 0.0475 0.028888888888888888
11 0.6041666666666666 0.48444444444444446 0.04666666666666667 0.025555555555555557
11 0.6045833333333334 0.5227777777777778 0.04833333333333333 0.03111111111111111
11 0.6016666666666667 0.5638888888888889 0.04416666666666667 0.03333333333333333
11 0.6729166666666667 0.5261111111111111 0.04416666666666667 0.02666666666666667
11 0.67 0.5633333333333334 0.0475 0.03222222222222222
11 0.7520833333333333 0.525 0.04666666666666667 0.03222222222222222
11 0.7508333333333334 0.5688888888888889 0.04416666666666667 0.03111111111111111