16 0.300537109375 0.7713498622589532 0.01318359375 0.024793388429752067
16 0.287353515625 0.7555096418732782 0.01611328125 0.026859504132231406
16 0.274658203125 0.740358126721763 0.015625 0.026170798898071626
0 0.3046875 0.678374655647383 0.0322265625 0.07024793388429752
4 0.284912109375 0.12258953168044077 0.02197265625 0.048898071625344354
4 0.263671875 0.12258953168044077 0.0234375 0.048209366391184574
11 0.2861328125 0.5764462809917356 0.0244140625 0.05509641873278237
11 0.27490234375 0.5709366391184573 0.0205078125 0.05647382920110193
1 0.2646484375 0.21866391184573003 0.02587890625 0.06887052341597796
15 0.27783203125 0.3760330578512397 0.02978515625 0.0674931129476584
11 0.286865234375 0.6632231404958677 0.02392578125 0.05716253443526171
11 0.277587890625 0.6553030303030303 0.0244140625 0.05785123966942149