16 0.67822265625 0.200068870523416 0.01171875 0.023415977961432508
16 0.6923828125 0.21384297520661158 0.01416015625 0.025482093663911846
16 0.7060546875 0.22692837465564739 0.013671875 0.024793388429752067
0 0.68115234375 0.2930440771349862 0.0283203125 0.06818181818181818
4 0.74169921875 0.8429752066115702 0.01904296875 0.047520661157024795
4 0.76318359375 0.8398760330578512 0.02001953125 0.046143250688705235
11 0.70703125 0.3918732782369146 0.02099609375 0.05303030303030303
11 0.718505859375 0.3956611570247934 0.0166015625 0.05509641873278237
1 0.7548828125 0.7444903581267218 0.021484375 0.0674931129476584
15 0.730224609375 0.5898760330578512 0.025390625 0.06542699724517906
11 0.69970703125 0.30544077134986225 0.0205078125 0.05578512396694215
11 0.709716796875 0.3119834710743802 0.0205078125 0.05647382920110193