16 0.29052734375 0.24311294765840222 0.0166015625 0.01721763085399449
16 0.30078125 0.22348484848484848 0.01806640625 0.02066115702479339
16 0.310302734375 0.20420110192837465 0.01806640625 0.01997245179063361
0 0.356689453125 0.24070247933884298 0.04833984375 0.040633608815427
4 0.74755859375 0.16460055096418733 0.03369140625 0.027548209366391185
4 0.745849609375 0.1346418732782369 0.033203125 0.029614325068870524
11 0.42724609375 0.20557851239669422 0.0380859375 0.030303030303030304
11 0.43017578125 0.1893939393939394 0.03955078125 0.024104683195592287
1 0.677978515625 0.14428374655647383 0.0478515625 0.030991735537190084
15 0.56787109375 0.17665289256198347 0.046875 0.0371900826446281
11 0.365966796875 0.21453168044077134 0.0400390625 0.029614325068870524
11 0.37060546875 0.20075757575757575 0.04052734375 0.029614325068870524