16 0.5079365079365079 0.9545454545454546 0.049062049062049064 0.0735930735930736
16 0.4448051948051948 0.9637445887445888 0.046897546897546896 0.07034632034632035
0 0.4675324675324675 0.7873376623376623 0.0772005772005772 0.1396103896103896
11 0.40404040404040403 0.797077922077922 0.03968253968253968 0.11904761904761904
11 0.3546176046176046 0.8046536796536796 0.03823953823953824 0.11471861471861472
11 0.4668109668109668 0.5887445887445888 0.04184704184704185 0.11796536796536797
11 0.41738816738816736 0.5957792207792207 0.04112554112554113 0.11688311688311688
11 0.37842712842712845 0.4166666666666667 0.03751803751803752 0.11363636363636363
14 0.31782106782106784 0.15151515151515152 0.05988455988455989 0.22294372294372294
12 0.32431457431457433 0.42207792207792205 0.023088023088023088 0.07900432900432901
1 0.3383838383838384 0.604978354978355 0.04401154401154401 0.1406926406926407
10 0.3777056277056277 0.9675324675324676 0.049783549783549784 0.06277056277056277