16 0.20165945165945165 0.4172077922077922 0.050505050505050504 0.07575757575757576
16 0.13455988455988455 0.40313852813852813 0.051226551226551224 0.07575757575757576
16 0.2085137085137085 0.32196969696969696 0.049062049062049064 0.07142857142857142
16 0.14357864357864358 0.31222943722943725 0.05555555555555555 0.07575757575757576
16 0.15079365079365079 0.21861471861471862 0.05339105339105339 0.07683982683982683
0 0.31926406926406925 0.39285714285714285 0.09523809523809523 0.12012987012987013
11 0.32611832611832614 0.29707792207792205 0.08008658008658008 0.06385281385281386
11 0.3315295815295815 0.22294372294372294 0.07792207792207792 0.06060606060606061
11 0.4491341991341991 0.4329004329004329 0.07936507936507936 0.06601731601731602
11 0.4549062049062049 0.3587662337662338 0.07864357864357864 0.06493506493506493
11 0.5797258297258298 0.3392857142857143 0.07647907647907648 0.05952380952380952
11 0.9375901875901876 0.39826839826839827 0.08297258297258298 0.06926406926406926
11 0.9444444444444444 0.32575757575757575 0.08297258297258298 0.07034632034632035
14 0.7651515151515151 0.3051948051948052 0.15007215007215008 0.09740259740259741
12 0.5873015873015873 0.25811688311688313 0.05339105339105339 0.0367965367965368
1 0.4653679653679654 0.24134199134199133 0.09451659451659451 0.07034632034632035
4 0.9282106782106783 0.5064935064935064 0.06565656565656566 0.10281385281385282
10 0.21428571428571427 0.22132034632034633 0.05627705627705628 0.07575757575757576