16 0.8023088023088023 0.4642857142857143 0.051226551226551224 0.07683982683982683
16 0.8697691197691197 0.4518398268398268 0.05194805194805195 0.07683982683982683
16 0.8124098124098124 0.558982683982684 0.049783549783549784 0.07251082251082251
16 0.8766233766233766 0.5427489177489178 0.05627705627705628 0.07683982683982683
16 0.8856421356421357 0.6363636363636364 0.05411255411255411 0.07792207792207792
0 0.693001443001443 0.5335497835497836 0.09595959595959595 0.12229437229437229
11 0.7027417027417028 0.6282467532467533 0.08008658008658008 0.06493506493506493
11 0.7106782106782107 0.7018398268398268 0.07792207792207792 0.06277056277056277
11 0.5606060606060606 0.5449134199134199 0.08008658008658008 0.06818181818181818
11 0.5678210678210678 0.6190476190476191 0.07936507936507936 0.0670995670995671
11 0.4509379509379509 0.6861471861471862 0.0772005772005772 0.06168831168831169
11 0.09487734487734488 0.7678571428571429 0.0836940836940837 0.07142857142857142
11 0.10064935064935066 0.8409090909090909 0.08297258297258298 0.07251082251082251
14 0.2774170274170274 0.7911255411255411 0.15007215007215008 0.10064935064935066
12 0.4574314574314574 0.7673160173160173 0.05339105339105339 0.03896103896103896
1 0.5782828282828283 0.7364718614718615 0.09523809523809523 0.07251082251082251
4 0.08513708513708514 0.6601731601731602 0.06637806637806638 0.1038961038961039
10 0.823953823953824 0.6585497835497836 0.056998556998557 0.07683982683982683