4 0.7353515625 0.991455078125 0.0322265625 0.01611328125
11 0.752197265625 0.74072265625 0.0302734375 0.06787109375
11 0.775146484375 0.73583984375 0.03076171875 0.060546875
11 0.792236328125 0.649658203125 0.029296875 0.06005859375
11 0.815185546875 0.641357421875 0.02880859375 0.06396484375
11 0.791748046875 0.978271484375 0.02978515625 0.04248046875
11 0.770263671875 0.97900390625 0.03076171875 0.041015625
14 0.817626953125 0.86669921875 0.03515625 0.0908203125
1 0.812255859375 0.721923828125 0.02978515625 0.07080078125
11 0.798095703125 0.5654296875 0.033203125 0.07080078125
11 0.821044921875 0.561279296875 0.03369140625 0.06689453125
0 0.76708984375 0.573974609375 0.0458984375 0.078125
16 0.7705078125 0.489990234375 0.0244140625 0.03369140625
16 0.801513671875 0.48388671875 0.02294921875 0.0341796875
16 0.830322265625 0.477294921875 0.02294921875 0.03515625