4 0.914306640625 0.874267578125 0.03466796875 0.046875
11 0.826171875 0.623046875 0.03564453125 0.068359375
11 0.845458984375 0.609619140625 0.03515625 0.06103515625
11 0.827392578125 0.5234375 0.03369140625 0.06103515625
11 0.845458984375 0.507080078125 0.03369140625 0.064453125
11 0.958740234375 0.833984375 0.03369140625 0.06005859375
11 0.941162109375 0.848388671875 0.03564453125 0.0693359375
14 0.935791015625 0.71337890625 0.0419921875 0.0908203125
1 0.874267578125 0.582275390625 0.03515625 0.0712890625
11 0.800048828125 0.44384765625 0.03857421875 0.0712890625
11 0.8193359375 0.430908203125 0.03857421875 0.06787109375
0 0.774658203125 0.463623046875 0.05126953125 0.080078125
16 0.7451171875 0.385009765625 0.02685546875 0.03466796875
16 0.771484375 0.367431640625 0.025390625 0.03515625
16 0.795166015625 0.349853515625 0.025390625 0.0361328125