11 0.7392578125 0.75341796875 0.03369140625 0.068359375
11 0.762451171875 0.75 0.03369140625 0.06103515625
11 0.783935546875 0.664794921875 0.0322265625 0.060546875
11 0.807373046875 0.65771484375 0.03173828125 0.064453125
11 0.76611328125 0.9853515625 0.0322265625 0.0283203125
11 0.743896484375 0.985595703125 0.03369140625 0.02783203125
14 0.798095703125 0.8828125 0.03955078125 0.0908203125
1 0.80029296875 0.738037109375 0.03271484375 0.0712890625
11 0.794189453125 0.5810546875 0.03662109375 0.0712890625
11 0.8173828125 0.577880859375 0.03662109375 0.0673828125
0 0.762939453125 0.587890625 0.04931640625 0.0791015625
16 0.770751953125 0.504150390625 0.02587890625 0.0341796875
16 0.802001953125 0.499755859375 0.0244140625 0.03466796875
16 0.8310546875 0.49462890625 0.0244140625 0.03564453125