10 0.9625 0.6584734799482536 0.016666666666666666 0.037516170763260026
11 0.9333333333333333 0.5989650711513583 0.020833333333333332 0.04657179818887452
11 0.9325 0.5692108667529108 0.023333333333333334 0.045278137128072445
11 0.9020833333333333 0.5815006468305304 0.0175 0.03622250970245795
11 0.9016666666666666 0.5504527813712807 0.021666666666666667 0.04139715394566624
11 0.9016666666666666 0.5252263906856404 0.024166666666666666 0.042690815006468305
11 0.8708333333333333 0.5109961190168176 0.020833333333333332 0.050452781371280724
11 0.87 0.47736093143596375 0.020833333333333332 0.04657179818887452
11 0.8366666666666667 0.46183699870633893 0.021666666666666667 0.04657179818887452
11 0.8375 0.4294954721862872 0.023333333333333334 0.055627425614489
11 0.9841666666666666 0.7128072445019404 0.0175 0.040103492884864166
11 0.9829166666666667 0.6869340232858991 0.02 0.04139715394566624
4 0.9841666666666666 0.6526520051746443 0.018333333333333333 0.04657179818887452
16 0.8125 0.47283311772315656 0.019166666666666665 0.03234152652005175
16 0.79375 0.44566623544631306 0.0175 0.03363518758085381
16 0.8133333333333334 0.43531694695989653 0.014166666666666666 0.029754204398447608
16 0.795 0.4087968952134541 0.015833333333333335 0.028460543337645538
16 0.8129166666666666 0.3984476067270375 0.015 0.028460543337645538
16 0.7954166666666667 0.3745148771021992 0.02 0.03363518758085381
16 0.97375 0.6080206985769728 0.0125 0.02457956015523933
0 0.8383333333333334 0.5038809831824063 0.03166666666666667 0.06985769728331177
11 0.9329166666666666 0.6338939197930142 0.018333333333333333 0.0517464424320828