10 0.06875 0.19598965071151359 0.015833333333333335 0.03622250970245795
11 0.08916666666666667 0.2632600258732212 0.02 0.04657179818887452
11 0.08625 0.2923673997412678 0.0225 0.04398447606727038
11 0.11791666666666667 0.29042690815006467 0.016666666666666666 0.03492884864165589
11 0.11416666666666667 0.3208279430789133 0.020833333333333332 0.040103492884864166
11 0.11041666666666666 0.3460543337645537 0.024166666666666666 0.04139715394566624
11 0.13875 0.36998706338939197 0.02 0.050452781371280724
11 0.135 0.4023285899094437 0.02 0.04657179818887452
11 0.16583333333333333 0.42884864165588615 0.020833333333333332 0.04657179818887452
11 0.16041666666666668 0.46054333764553684 0.021666666666666667 0.054333764553686936
11 0.055 0.13583441138421734 0.016666666666666666 0.03880983182406209
11 0.05291666666666667 0.1610608020698577 0.019166666666666665 0.04139715394566624
4 0.04666666666666667 0.19404915912031048 0.0175 0.045278137128072445
16 0.19083333333333333 0.425614489003881 0.018333333333333333 0.03234152652005175
16 0.20541666666666666 0.4579560155239327 0.016666666666666666 0.03234152652005175
16 0.18458333333333332 0.46248382923674 0.014166666666666666 0.028460543337645538
16 0.19916666666666666 0.49417852522639066 0.015833333333333335 0.027166882276843468
16 0.18 0.49805950840879687 0.015 0.027166882276843468
16 0.19458333333333333 0.5271668822768435 0.019166666666666665 0.03363518758085381
16 0.05125 0.24191461836998707 0.0125 0.02457956015523933
0 0.16958333333333334 0.3868046571798189 0.03 0.0685640362225097
11 0.09458333333333334 0.2296248382923674 0.0175 0.050452781371280724