10 0.14424514200298955 0.6349892008639308 0.05530642750373692 0.0755939524838013
11 0.9050822122571002 0.9006479481641468 0.08520179372197309 0.06911447084233262
11 0.905829596412556 0.8250539956803455 0.08520179372197309 0.06479481641468683
11 0.9095665171898356 0.7451403887688985 0.08370702541106129 0.06263498920086392
11 0.9110612855007474 0.6641468682505399 0.08520179372197309 0.06911447084233262
11 0.40358744394618834 0.7095032397408207 0.08370702541106129 0.05399568034557235
11 0.40657698056801195 0.6349892008639308 0.08221225710014948 0.056155507559395246
11 0.2623318385650224 0.6241900647948164 0.08370702541106129 0.06263498920086392
11 0.2593423019431988 0.7008639308855291 0.08221225710014948 0.06479481641468683
0 0.4013452914798206 0.8131749460043196 0.09715994020926756 0.12526997840172785
0 0.2556053811659193 0.806695464362851 0.09715994020926756 0.11879049676025918
16 0.13901345291479822 0.8390928725701944 0.053811659192825115 0.07991360691144708
16 0.06352765321375187 0.8369330453563715 0.052316890881913304 0.0755939524838013
16 0.14275037369207771 0.7397408207343412 0.052316890881913304 0.0755939524838013
16 0.06576980568011959 0.7365010799136069 0.05082212257100149 0.07127429805615551
16 0.06950672645739911 0.6382289416846653 0.05082212257100149 0.07775377969762419
1 0.554559043348281 0.6403887688984882 0.10164424514200299 0.06263498920086392
17 0.5500747384155455 0.7786177105831533 0.11659192825112108 0.07127429805615551