10 0.18385650224215247 0.7721382289416847 0.06278026905829596 0.08639308855291576
11 0.9596412556053812 0.7235421166306696 0.07772795216741404 0.09071274298056156
11 0.9521674140508222 0.6511879049676026 0.09118086696562033 0.08423326133909287
11 0.9402092675635276 0.572354211663067 0.08819133034379671 0.08207343412526998
11 0.9260089686098655 0.4946004319654428 0.09118086696562033 0.08855291576673865
11 0.4469357249626308 0.7408207343412527 0.08819133034379671 0.0734341252699784
11 0.43572496263079225 0.6663066954643628 0.08669656203288491 0.0755939524838013
11 0.2952167414050822 0.714902807775378 0.08819133034379671 0.08207343412526998
11 0.3071748878923767 0.7894168466522679 0.08819133034379671 0.08207343412526998
0 0.4648729446935725 0.8412526997840173 0.10911808669656203 0.1468682505399568
0 0.3236173393124066 0.8920086393088553 0.10762331838565023 0.14038876889848811
16 0.21823617339312407 0.9611231101511879 0.06278026905829596 0.0734341252699784
16 0.14424514200298955 0.9762419006479481 0.061285500747384154 0.04319654427645788
16 0.20254110612855009 0.8725701943844493 0.059790732436472344 0.08639308855291576
16 0.12780269058295965 0.9006479481641468 0.05680119581464873 0.07991360691144708
16 0.11210762331838565 0.8045356371490281 0.05829596412556054 0.08639308855291576
1 0.5792227204783259 0.6133909287257019 0.10612855007473841 0.08639308855291576
17 0.600896860986547 0.7473002159827213 0.12257100149476831 0.09935205183585313