10 0.6123046875 0.8507067137809188 0.02490234375 0.054770318021201414
17 0.617919921875 0.5247349823321554 0.02099609375 0.10159010600706714
0 0.56103515625 0.741166077738516 0.03759765625 0.07950530035335689
11 0.59375 0.7451413427561837 0.02099609375 0.08303886925795052
11 0.6162109375 0.7482332155477032 0.02294921875 0.08215547703180212
11 0.615478515625 0.6351590106007067 0.0234375 0.08568904593639576
11 0.59326171875 0.6373674911660777 0.0234375 0.08480565371024736
11 0.568603515625 0.633833922261484 0.0234375 0.08303886925795052
11 0.543212890625 0.33436395759717313 0.01708984375 0.07243816254416961
11 0.567138671875 0.3308303886925795 0.01611328125 0.07508833922261485
11 0.589599609375 0.32597173144876324 0.01953125 0.07773851590106007
11 0.615966796875 0.32420494699646646 0.0205078125 0.07508833922261485
12 0.621337890625 0.4191696113074205 0.01416015625 0.053886925795053005
16 0.606689453125 0.21289752650176677 0.02197265625 0.04946996466431095
16 0.574462890625 0.21863957597173145 0.0224609375 0.04946996466431095
16 0.544677734375 0.22040636042402828 0.0224609375 0.045053003533568906
16 0.6044921875 0.14487632508833923 0.0224609375 0.045053003533568906
16 0.56787109375 0.8458480565371025 0.0283203125 0.05123674911660778
12 0.5595703125 0.04858657243816254 0.02783203125 0.023851590106007067
1 0.445068359375 0.07773851590106007 0.04150390625 0.037985865724381625
17 0.502197265625 0.06448763250883392 0.046875 0.036219081272084806
17 0.39501953125 0.09143109540636042 0.03955078125 0.04328621908127209
2 0.33837890625 0.35159010600706714 0.03955078125 0.12897526501766785
16 0.57421875 0.1523851590106007 0.0234375 0.052120141342756186
16 0.54296875 0.15591872791519434 0.02001953125 0.04328621908127209