10 0.328369140625 0.7606007067137809 0.03369140625 0.053886925795053005
17 0.5068359375 0.7142226148409894 0.05859375 0.054770318021201414
0 0.379150390625 0.6501766784452296 0.0498046875 0.0803886925795053
11 0.382568359375 0.7093639575971732 0.04833984375 0.05123674911660778
11 0.384765625 0.7495583038869258 0.04833984375 0.054770318021201414
11 0.4462890625 0.7292402826855123 0.05029296875 0.05565371024734982
11 0.441162109375 0.6894876325088339 0.0498046875 0.05565371024734982
11 0.438720703125 0.6453180212014135 0.048828125 0.05565371024734982
11 0.597412109375 0.5481448763250883 0.0419921875 0.04328621908127209
11 0.603515625 0.5901060070671378 0.04345703125 0.04151943462897526
11 0.610107421875 0.6289752650176679 0.04541015625 0.04770318021201413
11 0.61572265625 0.6757950530035336 0.0439453125 0.04946996466431095
12 0.564697265625 0.7018551236749117 0.03173828125 0.03445229681978799
16 0.674560546875 0.6395759717314488 0.0302734375 0.04770318021201413
16 0.666015625 0.5834805653710248 0.03076171875 0.04858657243816254
16 0.65966796875 0.5304770318021201 0.0283203125 0.04770318021201413
16 0.711181640625 0.6241166077738516 0.0283203125 0.04770318021201413
16 0.3232421875 0.6806537102473498 0.03271484375 0.05918727915194346
12 0.755859375 0.5273851590106007 0.017578125 0.053886925795053005
1 0.72021484375 0.3286219081272085 0.02783203125 0.07950530035335689
17 0.7373046875 0.4280035335689046 0.02734375 0.0892226148409894
17 0.703857421875 0.2416077738515901 0.0302734375 0.07773851590106007
2 0.552490234375 0.18595406360424027 0.07666015625 0.09187279151943463
16 0.701904296875 0.5715547703180212 0.0322265625 0.05035335689045936
16 0.694580078125 0.5167844522968198 0.02685546875 0.04240282685512368