10 0.61572265625 0.8471731448763251 0.025390625 0.05565371024734982
17 0.6181640625 0.5207597173144877 0.02197265625 0.10159010600706714
0 0.563232421875 0.7389575971731449 0.0380859375 0.0812720848056537
11 0.595947265625 0.7424911660777385 0.021484375 0.08303886925795052
11 0.61865234375 0.7442579505300353 0.0234375 0.08303886925795052
11 0.616943359375 0.6311837455830389 0.02392578125 0.08657243816254417
11 0.594482421875 0.6347173144876325 0.02392578125 0.08568904593639576
11 0.570068359375 0.6316254416961131 0.02392578125 0.08392226148409894
11 0.541748046875 0.3330388692579505 0.01806640625 0.07243816254416961
11 0.565673828125 0.3286219081272085 0.01708984375 0.07508833922261485
11 0.587890625 0.32287985865724383 0.02001953125 0.07773851590106007
11 0.6142578125 0.3202296819787986 0.021484375 0.07508833922261485
12 0.62060546875 0.41563604240282687 0.0146484375 0.054770318021201414
16 0.603759765625 0.20980565371024734 0.0224609375 0.05035335689045936
16 0.57177734375 0.21598939929328623 0.02294921875 0.05035335689045936
16 0.5419921875 0.21908127208480566 0.02294921875 0.045936395759717315
16 0.60107421875 0.1417844522968198 0.02294921875 0.045936395759717315
16 0.571044921875 0.8436395759717314 0.02880859375 0.052120141342756186
12 0.55517578125 0.04637809187279152 0.0283203125 0.024734982332155476
1 0.441162109375 0.07950530035335689 0.04150390625 0.03975265017667844
17 0.498046875 0.06448763250883392 0.046875 0.037102473498233215
17 0.39111328125 0.09496466431095406 0.0400390625 0.045053003533568906
2 0.3369140625 0.35644876325088337 0.04052734375 0.13074204946996468
16 0.571044921875 0.1497349823321555 0.02392578125 0.053003533568904596
16 0.539794921875 0.15459363957597172 0.0205078125 0.04328621908127209