2 0.2593537414965986 0.6258503401360545 0.047619047619047616 0.07709750566893424
16 0.5391156462585034 0.4013605442176871 0.017006802721088437 0.022675736961451247
16 0.5357142857142857 0.37755102040816324 0.02040816326530612 0.022675736961451247
16 0.5340136054421769 0.35034013605442177 0.017006802721088437 0.022675736961451247
16 0.5578231292517006 0.39909297052154197 0.023809523809523808 0.02040816326530612
16 0.5552721088435374 0.373015873015873 0.022108843537414966 0.024943310657596373
16 0.5544217687074829 0.34807256235827666 0.022108843537414966 0.02040816326530612
0 0.5901360544217688 0.3820861678004535 0.027210884353741496 0.031746031746031744
11 0.5875850340136054 0.35714285714285715 0.027210884353741496 0.018140589569160998
11 0.5875850340136054 0.3378684807256236 0.027210884353741496 0.018140589569160998
11 0.6232993197278912 0.35374149659863946 0.023809523809523808 0.018140589569160998
11 0.6224489795918368 0.3344671201814059 0.025510204081632654 0.015873015873015872
14 0.673469387755102 0.3287981859410431 0.047619047619047616 0.027210884353741496
15 0.6760204081632653 0.36394557823129253 0.034013605442176874 0.022675736961451247
16 0.7270408163265306 0.32086167800453513 0.025510204081632654 0.027210884353741496