2 0.26445578231292516 0.6428571428571429 0.04931972789115646 0.07936507936507936
16 0.5348639455782312 0.3979591836734694 0.017006802721088437 0.022675736961451247
16 0.5306122448979592 0.37528344671201813 0.02040816326530612 0.022675736961451247
16 0.5280612244897959 0.34807256235827666 0.017006802721088437 0.022675736961451247
16 0.5544217687074829 0.3945578231292517 0.023809523809523808 0.022675736961451247
16 0.5510204081632653 0.36961451247165533 0.022108843537414966 0.027210884353741496
16 0.5476190476190477 0.34467120181405897 0.022108843537414966 0.022675736961451247
0 0.5858843537414966 0.3764172335600907 0.02891156462585034 0.034013605442176874
11 0.5824829931972789 0.35034013605442177 0.027210884353741496 0.02040816326530612
11 0.58078231292517 0.3321995464852608 0.027210884353741496 0.02040816326530612
11 0.6173469387755102 0.34467120181405897 0.023809523809523808 0.02040816326530612
11 0.6156462585034014 0.32653061224489793 0.027210884353741496 0.018140589569160998
14 0.6658163265306123 0.3163265306122449 0.047619047619047616 0.031746031746031744
15 0.6709183673469388 0.3526077097505669 0.034013605442176874 0.024943310657596373
16 0.7202380952380952 0.30498866213151926 0.025510204081632654 0.02947845804988662