2 0.26785714285714285 0.6530612244897959 0.05102040816326531 0.08163265306122448
16 0.532312925170068 0.3968253968253968 0.017006802721088437 0.022675736961451247
16 0.5272108843537415 0.3741496598639456 0.02040816326530612 0.024943310657596373
16 0.5238095238095238 0.3469387755102041 0.017006802721088437 0.022675736961451247
16 0.5510204081632653 0.3922902494331066 0.023809523809523808 0.022675736961451247
16 0.5467687074829932 0.3673469387755102 0.023809523809523808 0.027210884353741496
16 0.54421768707483 0.3424036281179138 0.022108843537414966 0.022675736961451247
0 0.5824829931972789 0.37188208616780044 0.02891156462585034 0.034013605442176874
11 0.5782312925170068 0.3469387755102041 0.027210884353741496 0.02040816326530612
11 0.576530612244898 0.3287981859410431 0.027210884353741496 0.02040816326530612
11 0.6130952380952381 0.3401360544217687 0.023809523809523808 0.02040816326530612
11 0.6113945578231292 0.32086167800453513 0.027210884353741496 0.02040816326530612
14 0.6615646258503401 0.30952380952380953 0.047619047619047616 0.034013605442176874
15 0.6666666666666666 0.34467120181405897 0.034013605442176874 0.024943310657596373
16 0.7142857142857143 0.2947845804988662 0.027210884353741496 0.02947845804988662