10 0.9316666666666666 0.7146341463414634 0.05333333333333334 0.12195121951219512
16 0.8541666666666666 0.32926829268292684 0.045 0.13170731707317074
16 0.93 0.3146341463414634 0.04666666666666667 0.13170731707317074
16 0.855 0.5341463414634147 0.04666666666666667 0.11707317073170732
16 0.9308333333333333 0.5170731707317073 0.045 0.11707317073170732
16 0.8583333333333333 0.7292682926829268 0.04666666666666667 0.11219512195121951
0 0.6041666666666666 0.48048780487804876 0.09833333333333333 0.2
0 0.7425 0.45365853658536587 0.10333333333333333 0.1951219512195122
16 0.4975 0.8219512195121951 0.05 0.12195121951219512
11 0.6058333333333333 0.651219512195122 0.08166666666666667 0.1024390243902439
11 0.7425 0.6219512195121951 0.08833333333333333 0.1073170731707317
11 0.6108333333333333 0.7878048780487805 0.08166666666666667 0.1073170731707317
11 0.745 0.7585365853658537 0.08666666666666667 0.1024390243902439
3 0.2375 0.8926829268292683 0.10833333333333334 0.16097560975609757
5 0.33916666666666667 0.5707317073170731 0.23666666666666666 0.16097560975609757
4 0.075 0.624390243902439 0.06333333333333334 0.16585365853658537
4 0.08666666666666667 0.8585365853658536 0.065 0.16585365853658537
8 0.4091666666666667 0.8707317073170732 0.08333333333333333 0.13170731707317074