0 0.5266666666666666 0.6991758241758241 0.06833333333333333 0.14285714285714285
0 0.5308333333333334 0.9107142857142857 0.06333333333333334 0.1401098901098901
11 0.5008333333333334 0.11401098901098901 0.035 0.12362637362637363
11 0.45666666666666667 0.11538461538461539 0.03666666666666667 0.12637362637362637
11 0.4658333333333333 0.40934065934065933 0.03333333333333333 0.12362637362637363
11 0.4191666666666667 0.40934065934065933 0.03166666666666667 0.11538461538461539
11 0.4683333333333333 0.6978021978021978 0.03166666666666667 0.12362637362637363
11 0.42583333333333334 0.6978021978021978 0.03 0.11813186813186813
11 0.4716666666666667 0.9052197802197802 0.028333333333333332 0.11813186813186813
11 0.42916666666666664 0.9038461538461539 0.03166666666666667 0.12087912087912088
6 0.4141666666666667 0.11538461538461539 0.02666666666666667 0.14835164835164835
12 0.4175 0.5425824175824175 0.03 0.07967032967032966