0 0.4583333333333333 0.3076923076923077 0.07666666666666666 0.15384615384615385
0 0.43833333333333335 0.0989010989010989 0.07166666666666667 0.1510989010989011
11 0.5275 0.8832417582417582 0.043333333333333335 0.12637362637362637
11 0.5716666666666667 0.8736263736263736 0.045 0.13186813186813187
11 0.5408333333333334 0.5824175824175825 0.041666666666666664 0.12637362637362637
11 0.5875 0.5728021978021978 0.04 0.11813186813186813
11 0.5166666666666667 0.2967032967032967 0.04 0.12637362637362637
11 0.5591666666666667 0.28846153846153844 0.03833333333333333 0.12087912087912088
11 0.4975 0.09203296703296704 0.03666666666666667 0.12087912087912088
11 0.54 0.08516483516483517 0.041666666666666664 0.12362637362637363
6 0.6133333333333333 0.864010989010989 0.03666666666666667 0.15384615384615385
12 0.5783333333333334 0.4409340659340659 0.035 0.08241758241758242