10 0.8483333333333334 0.6785714285714286 0.06833333333333333 0.09065934065934066
0 0.37666666666666665 0.5082417582417582 0.09333333333333334 0.12637362637362637
0 0.24916666666666668 0.4793956043956044 0.09166666666666666 0.11813186813186813
11 0.7308333333333333 0.5686813186813187 0.07666666666666666 0.06868131868131869
11 0.7375 0.49725274725274726 0.07833333333333334 0.07142857142857142
11 0.56 0.46016483516483514 0.07666666666666666 0.06593406593406594
11 0.5683333333333334 0.38461538461538464 0.07166666666666667 0.06593406593406594
11 0.38666666666666666 0.41483516483516486 0.07666666666666666 0.06318681318681318
11 0.39416666666666667 0.3447802197802198 0.07333333333333333 0.06318681318681318
11 0.2625 0.38461538461538464 0.07333333333333333 0.06043956043956044
11 0.2708333333333333 0.31456043956043955 0.075 0.06593406593406594
1 0.855 0.5782967032967034 0.08833333333333333 0.06868131868131869
17 0.8633333333333333 0.45467032967032966 0.105 0.08241758241758242
6 0.7441666666666666 0.4271978021978022 0.09166666666666666 0.057692307692307696
12 0.48833333333333334 0.3585164835164835 0.05 0.057692307692307696
16 0.14083333333333334 0.4835164835164835 0.043333333333333335 0.06868131868131869
16 0.07416666666666667 0.4725274725274725 0.045 0.07967032967032966
16 0.15333333333333332 0.3942307692307692 0.045 0.06593406593406594
16 0.08583333333333333 0.3791208791208791 0.04666666666666667 0.07417582417582418
16 0.16416666666666666 0.30357142857142855 0.045 0.07142857142857142
16 0.09833333333333333 0.28983516483516486 0.045 0.07417582417582418