16 0.29183673469387755 0.5884146341463414 0.02040816326530612 0.042682926829268296
16 0.3193877551020408 0.608739837398374 0.019387755102040816 0.042682926829268296
16 0.29183673469387755 0.6392276422764228 0.022448979591836733 0.04065040650406504
16 0.32142857142857145 0.657520325203252 0.022448979591836733 0.03861788617886179
16 0.29285714285714287 0.6920731707317073 0.02346938775510204 0.044715447154471545
16 0.32142857142857145 0.7103658536585366 0.024489795918367346 0.044715447154471545
0 0.21020408163265306 0.5396341463414634 0.04081632653061224 0.07926829268292683
0 0.25612244897959185 0.5741869918699187 0.03979591836734694 0.07317073170731707
11 0.21173469387755103 0.5955284552845529 0.030612244897959183 0.044715447154471545
11 0.21020408163265306 0.6341463414634146 0.0326530612244898 0.0508130081300813
11 0.2576530612244898 0.6229674796747967 0.0326530612244898 0.042682926829268296
11 0.2571428571428571 0.6646341463414634 0.03163265306122449 0.042682926829268296
4 0.02806122448979592 0.4176829268292683 0.022448979591836733 0.046747967479674794
4 0.02806122448979592 0.4888211382113821 0.02142857142857143 0.0508130081300813
3 0.0673469387755102 0.540650406504065 0.04081632653061224 0.054878048780487805