16 0.28877551020408165 0.551829268292683 0.022448979591836733 0.044715447154471545
16 0.3153061224489796 0.5762195121951219 0.02142857142857143 0.044715447154471545
16 0.286734693877551 0.6026422764227642 0.02346938775510204 0.044715447154471545
16 0.3153061224489796 0.6260162601626016 0.02346938775510204 0.042682926829268296
16 0.28520408163265304 0.6554878048780488 0.025510204081632654 0.04878048780487805
16 0.3127551020408163 0.6788617886178862 0.026530612244897958 0.04878048780487805
0 0.2096938775510204 0.4898373983739837 0.04387755102040816 0.08536585365853659
0 0.25357142857142856 0.5315040650406504 0.04183673469387755 0.07926829268292683
11 0.2086734693877551 0.5447154471544715 0.0326530612244898 0.0508130081300813
11 0.20561224489795918 0.5833333333333334 0.03469387755102041 0.054878048780487805
11 0.2530612244897959 0.5802845528455285 0.0336734693877551 0.046747967479674794
11 0.2510204081632653 0.6219512195121951 0.0326530612244898 0.046747967479674794
4 0.03316326530612245 0.3363821138211382 0.024489795918367346 0.0508130081300813
4 0.030612244897959183 0.4065040650406504 0.02346938775510204 0.054878048780487805
3 0.0673469387755102 0.4654471544715447 0.04285714285714286 0.06097560975609756