16 0.29642857142857143 0.6239837398373984 0.02040816326530612 0.042682926829268296
16 0.325 0.6392276422764228 0.019387755102040816 0.042682926829268296
16 0.29897959183673467 0.6747967479674797 0.022448979591836733 0.04065040650406504
16 0.32908163265306123 0.6880081300813008 0.022448979591836733 0.03861788617886179
16 0.3020408163265306 0.7276422764227642 0.02346938775510204 0.044715447154471545
16 0.3311224489795918 0.7408536585365854 0.024489795918367346 0.044715447154471545
0 0.21326530612244898 0.5904471544715447 0.03979591836734694 0.07723577235772358
0 0.2602040816326531 0.6158536585365854 0.03877551020408163 0.07113821138211382
11 0.2173469387755102 0.6443089430894309 0.030612244897959183 0.044715447154471545
11 0.2173469387755102 0.6839430894308943 0.0326530612244898 0.04878048780487805
11 0.26377551020408163 0.6646341463414634 0.0326530612244898 0.04065040650406504
11 0.2653061224489796 0.7063008130081301 0.03163265306122449 0.04065040650406504
4 0.026020408163265306 0.5 0.022448979591836733 0.046747967479674794
4 0.02959183673469388 0.5701219512195121 0.02142857142857143 0.0508130081300813
3 0.07040816326530612 0.6148373983739838 0.04081632653061224 0.052845528455284556