0 0.7238805970149254 0.5324825986078886 0.08656716417910448 0.16009280742459397
0 0.6753731343283582 0.9269141531322506 0.08507462686567165 0.14153132250580047
10 0.6462686567164179 0.30974477958236657 0.06417910447761194 0.09744779582366589
8 0.6850746268656717 0.7320185614849188 0.05373134328358209 0.12064965197215777
16 0.7365671641791045 0.339907192575406 0.05223880597014925 0.08352668213457076
11 0.7022388059701492 0.14617169373549885 0.050746268656716415 0.1345707656612529
11 0.65 0.12761020881670534 0.05373134328358209 0.13225058004640372
11 0.6529850746268657 0.5104408352668214 0.04626865671641791 0.12529002320185614
11 0.6037313432835821 0.4953596287703016 0.049253731343283584 0.12993039443155452
11 0.6268656716417911 0.7146171693735499 0.049253731343283584 0.12993039443155452
11 0.576865671641791 0.6983758700696056 0.049253731343283584 0.12993039443155452
11 0.6037313432835821 0.9164733178654292 0.04776119402985075 0.12993039443155452
11 0.55 0.9013921113689095 0.04776119402985075 0.12761020881670534