0 0.7246268656716418 0.5197215777262181 0.08358208955223881 0.15777262180974477
0 0.6843283582089552 0.9234338747099768 0.08208955223880597 0.14849187935034802
10 0.6417910447761194 0.302784222737819 0.0626865671641791 0.0951276102088167
8 0.6902985074626866 0.7215777262180975 0.050746268656716415 0.12064965197215777
16 0.7328358208955223 0.3271461716937355 0.050746268656716415 0.08120649651972157
11 0.6940298507462687 0.1357308584686775 0.04776119402985075 0.13225058004640372
11 0.6417910447761194 0.12064965197215777 0.050746268656716415 0.12993039443155452
11 0.6529850746268657 0.5023201856148491 0.04477611940298507 0.12529002320185614
11 0.6037313432835821 0.4895591647331787 0.04776119402985075 0.12761020881670534
11 0.6313432835820896 0.7076566125290024 0.04626865671641791 0.12993039443155452
11 0.5813432835820895 0.6937354988399071 0.04776119402985075 0.12761020881670534
11 0.6126865671641791 0.9106728538283063 0.04477611940298507 0.12993039443155452
11 0.558955223880597 0.8990719257540604 0.04626865671641791 0.12761020881670534