0 0.42388059701492536 0.17053364269141533 0.10597014925373134 0.13921113689095127
0 0.6805970149253732 0.07076566125290024 0.10298507462686567 0.1345707656612529
10 0.3276119402985075 0.37470997679814383 0.06567164179104477 0.10440835266821345
8 0.5567164179104478 0.14037122969837587 0.0791044776119403 0.08816705336426914
16 0.30671641791044774 0.23433874709976799 0.05522388059701493 0.08584686774941995
16 0.7820895522388059 0.01740139211136891 0.05373134328358209 0.03480278422273782
16 0.7962686567164179 0.09396751740139211 0.056716417910447764 0.08816705336426914
16 0.8671641791044776 0.06264501160092807 0.05522388059701493 0.08584686774941995
16 0.8126865671641791 0.1902552204176334 0.05522388059701493 0.08584686774941995
16 0.8835820895522388 0.16357308584686775 0.05373134328358209 0.08352668213457076
4 0.034328358208955224 0.33642691415313225 0.06865671641791045 0.10904872389791183
4 0.05522388059701493 0.4733178654292343 0.07014925373134329 0.10904872389791183
11 0.2082089552238806 0.3642691415313225 0.08656716417910448 0.08352668213457076
11 0.22014925373134328 0.44547563805104406 0.08656716417910448 0.08816705336426914
11 0.4417910447761194 0.27958236658932717 0.08208955223880597 0.07888631090487239
11 0.45298507462686566 0.3561484918793503 0.08358208955223881 0.08352668213457076
11 0.5716417910447761 0.2308584686774942 0.08507462686567165 0.08120649651972157
11 0.5828358208955224 0.3074245939675174 0.08358208955223881 0.08352668213457076
11 0.6992537313432836 0.17749419953596288 0.08507462686567165 0.07888631090487239
11 0.7126865671641791 0.25986078886310904 0.08358208955223881 0.08120649651972157