0 0.6775 0.45701058201058203 0.098 0.18915343915343916
0 0.5375 0.4966931216931217 0.0985 0.1931216931216931
11 0.8055 0.2777777777777778 0.074 0.10317460317460317
11 0.7975 0.16534391534391535 0.0735 0.09656084656084656
11 0.66875 0.3101851851851852 0.077 0.10185185185185185
11 0.6615 0.19973544973544974 0.072 0.0992063492063492
11 0.531 0.3472222222222222 0.0755 0.10317460317460317
11 0.52525 0.2361111111111111 0.074 0.10449735449735449
11 0.30925 0.4054232804232804 0.0755 0.09656084656084656
12 0.305 0.2843915343915344 0.0505 0.06349206349206349
10 0.189 0.3326719576719577 0.049 0.10185185185185185
16 0.19475 0.6421957671957672 0.044 0.10449735449735449
16 0.1285 0.6633597883597884 0.045 0.10449735449735449
16 0.193 0.4887566137566138 0.044 0.10582010582010581
16 0.1255 0.5138888888888888 0.044 0.11243386243386243
16 0.1245 0.36177248677248675 0.0425 0.10317460317460317