0 0.678 0.5231481481481481 0.094 0.17195767195767195
0 0.5375 0.5105820105820106 0.0945 0.17592592592592593
11 0.814 0.39285714285714285 0.072 0.09126984126984126
11 0.812 0.2777777777777778 0.072 0.08333333333333333
11 0.677 0.37433862433862436 0.075 0.08862433862433862
11 0.67575 0.2619047619047619 0.07 0.0873015873015873
11 0.5385 0.35978835978835977 0.0735 0.08994708994708994
11 0.53875 0.24801587301587302 0.072 0.09259259259259259
11 0.316 0.335978835978836 0.074 0.08333333333333333
12 0.31825 0.21428571428571427 0.0495 0.05423280423280423
10 0.20075 0.21957671957671956 0.0465 0.09391534391534391
16 0.19025 0.5284391534391535 0.0415 0.09788359788359788
16 0.1235 0.5244708994708994 0.0425 0.09788359788359788
16 0.1965 0.37632275132275134 0.0415 0.0992063492063492
16 0.1285 0.37566137566137564 0.0415 0.10582010582010581
16 0.1355 0.22486772486772486 0.04 0.09656084656084656