4 0.9638671875 0.17339449541284405 0.033203125 0.044036697247706424
0 0.62939453125 0.15412844036697249 0.0546875 0.047706422018348627
11 0.955078125 0.12201834862385322 0.0400390625 0.023853211009174313
11 0.94873046875 0.08990825688073395 0.0419921875 0.022018348623853212
11 0.841796875 0.12110091743119267 0.04296875 0.029357798165137616
11 0.8359375 0.0853211009174312 0.0439453125 0.023853211009174313
11 0.77685546875 0.11834862385321102 0.0439453125 0.027522935779816515
11 0.77294921875 0.0834862385321101 0.0419921875 0.025688073394495414
11 0.71337890625 0.11559633027522936 0.041015625 0.025688073394495414
11 0.71142578125 0.07706422018348624 0.0419921875 0.022018348623853212
11 0.6240234375 0.10917431192660551 0.0439453125 0.027522935779816515
11 0.62353515625 0.07522935779816514 0.0439453125 0.025688073394495414
16 0.56640625 0.1688073394495413 0.0234375 0.027522935779816515
16 0.5263671875 0.16972477064220184 0.021484375 0.027522935779816515
16 0.56396484375 0.12018348623853212 0.0205078125 0.025688073394495414
16 0.5244140625 0.11926605504587157 0.0205078125 0.027522935779816515
16 0.56201171875 0.07064220183486239 0.021484375 0.023853211009174313
16 0.5244140625 0.07064220183486239 0.0205078125 0.027522935779816515