0 0.2900390625 0.3486238532110092 0.0361328125 0.11009174311926606
11 0.23974609375 0.11467889908256881 0.017578125 0.03486238532110092
11 0.2216796875 0.12568807339449542 0.017578125 0.04036697247706422
11 0.24951171875 0.2036697247706422 0.021484375 0.08073394495412844
11 0.23046875 0.21651376146788992 0.01953125 0.08073394495412844
11 0.26806640625 0.3678899082568807 0.0234375 0.08623853211009175
11 0.2509765625 0.37706422018348623 0.0224609375 0.08623853211009175
16 0.31298828125 0.45871559633027525 0.01953125 0.04954128440366973
16 0.32275390625 0.5311926605504587 0.01953125 0.045871559633027525
16 0.28857421875 0.47522935779816516 0.017578125 0.044036697247706424
16 0.29736328125 0.5477064220183486 0.0185546875 0.044036697247706424
16 0.26318359375 0.4908256880733945 0.017578125 0.044036697247706424
16 0.2724609375 0.5596330275229358 0.0185546875 0.044036697247706424