4 0.0390625 0.8422018348623853 0.033203125 0.04220183486238532
0 0.3740234375 0.8504587155963302 0.0546875 0.045871559633027525
11 0.04833984375 0.8926605504587156 0.0400390625 0.022018348623853212
11 0.05517578125 0.9247706422018349 0.0419921875 0.02018348623853211
11 0.16162109375 0.8899082568807339 0.04296875 0.027522935779816515
11 0.16796875 0.9256880733944954 0.0439453125 0.022018348623853212
11 0.2265625 0.8908256880733945 0.0439453125 0.025688073394495414
11 0.23095703125 0.9256880733944954 0.0419921875 0.023853211009174313
11 0.2900390625 0.8917431192660551 0.041015625 0.023853211009174313
11 0.29248046875 0.9293577981651376 0.0419921875 0.02018348623853211
11 0.37939453125 0.8944954128440367 0.0439453125 0.025688073394495414
11 0.38037109375 0.9284403669724771 0.0439453125 0.023853211009174313
16 0.4365234375 0.8330275229357799 0.0234375 0.027522935779816515
16 0.4765625 0.8311926605504587 0.021484375 0.027522935779816515
16 0.439453125 0.881651376146789 0.0205078125 0.025688073394495414
16 0.47900390625 0.881651376146789 0.0205078125 0.027522935779816515
16 0.44189453125 0.9311926605504587 0.021484375 0.023853211009174313
16 0.4794921875 0.9302752293577982 0.0205078125 0.027522935779816515