0 0.7766666666666666 0.44153846153846155 0.06833333333333333 0.052307692307692305
11 0.9266666666666666 0.4323076923076923 0.06 0.033846153846153845
11 0.9116666666666666 0.4023076923076923 0.058333333333333334 0.03230769230769231
11 0.8966666666666666 0.37615384615384617 0.055 0.03076923076923077
11 0.8858333333333334 0.3507692307692308 0.05 0.03076923076923077
11 0.7608333333333334 0.40384615384615385 0.056666666666666664 0.03230769230769231
11 0.7516666666666667 0.37461538461538463 0.055 0.033846153846153845
11 0.5816666666666667 0.44 0.05 0.02923076923076923
11 0.5758333333333333 0.4146153846153846 0.05 0.02923076923076923
11 0.5108333333333334 0.4307692307692308 0.04833333333333333 0.026153846153846153
6 0.6416666666666667 0.40307692307692305 0.06 0.03538461538461538
6 0.6466666666666666 0.43153846153846154 0.06 0.03230769230769231
16 0.45916666666666667 0.5076923076923077 0.02666666666666667 0.03230769230769231
16 0.4175 0.5130769230769231 0.03 0.033846153846153845
16 0.45416666666666666 0.47384615384615386 0.028333333333333332 0.03076923076923077
16 0.4166666666666667 0.47846153846153844 0.025 0.03076923076923077
16 0.4525 0.4369230769230769 0.025 0.024615384615384615
16 0.415 0.4469230769230769 0.025 0.024615384615384615
10 0.695 0.3853846153846154 0.03666666666666667 0.03230769230769231