0 0.5725 0.7530769230769231 0.058333333333333334 0.06461538461538462
11 0.5883333333333334 0.8907692307692308 0.03833333333333333 0.05692307692307692
11 0.62 0.8761538461538462 0.03666666666666667 0.055384615384615386
11 0.6475 0.8615384615384616 0.035 0.05076923076923077
11 0.675 0.8507692307692307 0.035 0.047692307692307694
11 0.6133333333333333 0.7369230769230769 0.03666666666666667 0.05384615384615385
11 0.6441666666666667 0.7276923076923076 0.03833333333333333 0.05076923076923077
11 0.5675 0.573076923076923 0.03333333333333333 0.046153846153846156
11 0.5958333333333333 0.566923076923077 0.03333333333333333 0.046153846153846156
11 0.5758333333333333 0.5076923076923077 0.03 0.04461538461538461
6 0.61 0.6276923076923077 0.04 0.055384615384615386
6 0.5791666666666667 0.6330769230769231 0.03666666666666667 0.05692307692307692
16 0.49083333333333334 0.4623076923076923 0.035 0.026153846153846153
16 0.4825 0.4246153846153846 0.03833333333333333 0.027692307692307693
16 0.5266666666666666 0.45692307692307693 0.035 0.027692307692307693
16 0.5208333333333334 0.42230769230769233 0.03333333333333333 0.024615384615384615
16 0.5666666666666667 0.4546153846153846 0.028333333333333332 0.024615384615384615
16 0.5541666666666667 0.42 0.028333333333333332 0.024615384615384615
10 0.6308333333333334 0.6753846153846154 0.03666666666666667 0.03538461538461538