0 0.5291666666666667 0.76 0.05 0.06
11 0.5208333333333334 0.8992307692307693 0.03 0.05384615384615385
11 0.5541666666666667 0.8892307692307693 0.028333333333333332 0.052307692307692305
11 0.585 0.8784615384615385 0.02666666666666667 0.04923076923076923
11 0.6133333333333333 0.8723076923076923 0.028333333333333332 0.04461538461538461
11 0.5716666666666667 0.7507692307692307 0.028333333333333332 0.05076923076923077
11 0.6041666666666666 0.7453846153846154 0.03166666666666667 0.047692307692307694
11 0.555 0.5823076923076923 0.02666666666666667 0.04461538461538461
11 0.5833333333333334 0.58 0.02666666666666667 0.04461538461538461
11 0.5733333333333334 0.5184615384615384 0.023333333333333334 0.043076923076923075
6 0.5866666666666667 0.6415384615384615 0.03166666666666667 0.052307692307692305
6 0.5558333333333333 0.6430769230769231 0.028333333333333332 0.05384615384615385
16 0.4975 0.46153846153846156 0.03333333333333333 0.021538461538461538
16 0.49583333333333335 0.4230769230769231 0.035 0.023076923076923078
16 0.5341666666666667 0.46153846153846156 0.03166666666666667 0.023076923076923078
16 0.5333333333333333 0.42615384615384616 0.03166666666666667 0.02
16 0.5733333333333334 0.4646153846153846 0.025 0.021538461538461538
16 0.5675 0.42846153846153845 0.025 0.021538461538461538
10 0.6 0.6923076923076923 0.03166666666666667 0.03076923076923077