10 0.3652542372881356 0.9382530120481928 0.04745762711864407 0.06927710843373494
0 0.4635593220338983 0.8117469879518072 0.06610169491525424 0.12951807228915663
1 0.39661016949152544 0.47289156626506024 0.03728813559322034 0.12951807228915663
11 0.47711864406779664 0.030120481927710843 0.03559322033898305 0.060240963855421686
11 0.43898305084745765 0.025602409638554216 0.03389830508474576 0.05120481927710843
11 0.42627118644067796 0.6265060240963856 0.03898305084745763 0.1144578313253012
11 0.38728813559322034 0.6144578313253012 0.03898305084745763 0.1144578313253012
11 0.4101694915254237 0.7921686746987951 0.03728813559322034 0.11746987951807229
11 0.37203389830508476 0.7816265060240963 0.03728813559322034 0.12349397590361445
12 0.4245762711864407 0.13855421686746988 0.023728813559322035 0.08132530120481928
14 0.48050847457627116 0.4006024096385542 0.0576271186440678 0.21385542168674698
17 0.4135593220338983 0.2921686746987952 0.03728813559322034 0.14457831325301204
16 0.4661016949152542 0.9698795180722891 0.04067796610169491 0.05421686746987952
16 0.41694915254237286 0.9548192771084337 0.03898305084745763 0.060240963855421686
4 0.5296610169491526 0.03162650602409638 0.05593220338983051 0.06325301204819277