10 0.3483050847457627 0.9201807228915663 0.04915254237288136 0.07530120481927711
0 0.45084745762711864 0.8057228915662651 0.06949152542372881 0.1355421686746988
1 0.3983050847457627 0.45933734939759036 0.04067796610169491 0.12951807228915663
11 0.4966101694915254 0.030120481927710843 0.03728813559322034 0.060240963855421686
11 0.45847457627118643 0.024096385542168676 0.03559322033898305 0.04819277108433735
11 0.4211864406779661 0.6159638554216867 0.0423728813559322 0.11746987951807229
11 0.38305084745762713 0.6009036144578314 0.0423728813559322 0.11746987951807229
11 0.39915254237288134 0.7801204819277109 0.04067796610169491 0.12048192771084337
11 0.3610169491525424 0.7650602409638554 0.0423728813559322 0.12650602409638553
12 0.43813559322033896 0.13102409638554216 0.025423728813559324 0.08433734939759036
14 0.4847457627118644 0.3990963855421687 0.06610169491525424 0.21686746987951808
17 0.42203389830508475 0.28313253012048195 0.0423728813559322 0.14457831325301204
16 0.44745762711864406 0.9653614457831325 0.0423728813559322 0.0572289156626506
16 0.39915254237288134 0.9442771084337349 0.04067796610169491 0.06325301204819277
4 0.5474576271186441 0.03463855421686747 0.0576271186440678 0.06927710843373494