4 0.8076923076923077 0.13538461538461538 0.036923076923076927 0.027692307692307693
11 0.6646153846153846 0.18846153846153846 0.052307692307692305 0.02923076923076923
11 0.6530769230769231 0.17384615384615384 0.052307692307692305 0.02923076923076923
11 0.6407692307692308 0.15846153846153846 0.04923076923076923 0.026153846153846153
11 0.63 0.14307692307692307 0.05076923076923077 0.027692307692307693
11 0.566923076923077 0.18 0.055384615384615386 0.02923076923076923
11 0.7861538461538462 0.11307692307692307 0.05076923076923077 0.02923076923076923
11 0.7738461538461539 0.09692307692307692 0.04923076923076923 0.02923076923076923
0 0.5838461538461538 0.2023076923076923 0.06 0.04153846153846154
12 0.5546153846153846 0.16076923076923078 0.04153846153846154 0.021538461538461538
16 0.5276923076923077 0.22384615384615383 0.027692307692307693 0.02
16 0.49153846153846154 0.23461538461538461 0.027692307692307693 0.02
16 0.5107692307692308 0.20307692307692307 0.02923076923076923 0.02
16 0.47615384615384615 0.21461538461538462 0.024615384615384615 0.018461538461538463
16 0.46 0.1930769230769231 0.026153846153846153 0.021538461538461538