4 0.1576923076923077 0.1676923076923077 0.026153846153846153 0.03538461538461538
11 0.20076923076923076 0.31384615384615383 0.026153846153846153 0.05076923076923077
11 0.1853846153846154 0.32461538461538464 0.026153846153846153 0.05076923076923077
11 0.16923076923076924 0.33615384615384614 0.023076923076923078 0.04923076923076923
11 0.15307692307692308 0.3453846153846154 0.024615384615384615 0.04923076923076923
11 0.1853846153846154 0.4115384615384615 0.026153846153846153 0.05384615384615385
11 0.1346153846153846 0.18692307692307691 0.026153846153846153 0.04923076923076923
11 0.1176923076923077 0.19846153846153847 0.027692307692307693 0.04923076923076923
0 0.20846153846153845 0.39615384615384613 0.036923076923076927 0.06
12 0.16538461538461538 0.42230769230769233 0.018461538461538463 0.04153846153846154
16 0.22615384615384615 0.4530769230769231 0.018461538461538463 0.026153846153846153
16 0.23461538461538461 0.49 0.018461538461538463 0.026153846153846153
16 0.20461538461538462 0.46923076923076923 0.018461538461538463 0.027692307692307693
16 0.21307692307692308 0.5038461538461538 0.016923076923076923 0.023076923076923078
16 0.19076923076923077 0.5184615384615384 0.02 0.026153846153846153