4 0.06692307692307692 0.7007692307692308 0.03538461538461538 0.027692307692307693
11 0.21923076923076923 0.7123076923076923 0.052307692307692305 0.027692307692307693
11 0.22384615384615383 0.7307692307692307 0.052307692307692305 0.027692307692307693
11 0.22846153846153847 0.75 0.04923076923076923 0.024615384615384615
11 0.23153846153846153 0.7684615384615384 0.05076923076923077 0.026153846153846153
11 0.3046153846153846 0.7623076923076924 0.055384615384615386 0.02923076923076923
11 0.07692307692307693 0.7292307692307692 0.05076923076923077 0.027692307692307693
11 0.08153846153846153 0.7492307692307693 0.04923076923076923 0.02923076923076923
0 0.29846153846153844 0.7346153846153847 0.06 0.04
12 0.3076923076923077 0.7846153846153846 0.04153846153846154 0.02
16 0.3576923076923077 0.7384615384615385 0.027692307692307693 0.02
16 0.3953846153846154 0.7446153846153846 0.027692307692307693 0.02
16 0.36538461538461536 0.7646153846153846 0.027692307692307693 0.018461538461538463
16 0.40076923076923077 0.7692307692307693 0.024615384615384615 0.018461538461538463
16 0.40615384615384614 0.7953846153846154 0.026153846153846153 0.021538461538461538