10 0.37779433681073027 0.9514563106796117 0.06706408345752608 0.06553398058252427
0 0.30998509687034276 0.0691747572815534 0.08345752608047691 0.1383495145631068
11 0.30476900149031294 0.4890776699029126 0.046199701937406856 0.1383495145631068
11 0.3554396423248882 0.4987864077669903 0.04769001490312966 0.1383495145631068
11 0.3166915052160954 0.2815533980582524 0.044709388971684055 0.13349514563106796
11 0.37034277198211624 0.29004854368932037 0.046199701937406856 0.13592233009708737
11 0.3830104321907601 0.06796116504854369 0.04769001490312966 0.13592233009708737
11 0.4366616989567809 0.07402912621359223 0.041728763040238454 0.13349514563106796
11 0.3375558867362146 0.7439320388349514 0.05067064083457526 0.14320388349514562
11 0.3949329359165425 0.7512135922330098 0.04769001490312966 0.1407766990291262
6 0.4105812220566319 0.508495145631068 0.040238450074515646 0.1650485436893204
6 0.4232488822652757 0.29975728155339804 0.038748137108792845 0.1650485436893204