10 0.6333830104321908 0.05461165048543689 0.06855439642324888 0.07281553398058252
0 0.6810730253353204 0.9344660194174758 0.08643815201192251 0.1262135922330097
11 0.6952309985096871 0.5230582524271845 0.04769001490312966 0.1407766990291262
11 0.6445603576751118 0.5097087378640777 0.04918032786885246 0.1407766990291262
11 0.6780923994038748 0.7281553398058253 0.04769001490312966 0.13592233009708737
11 0.6251862891207154 0.7172330097087378 0.04769001490312966 0.1383495145631068
11 0.6073025335320418 0.9344660194174758 0.04918032786885246 0.1262135922330097
11 0.5543964232488823 0.9296116504854369 0.044709388971684055 0.13592233009708737
11 0.6676602086438153 0.2645631067961165 0.05365126676602087 0.14320388349514562
11 0.6110283159463488 0.25485436893203883 0.05067064083457526 0.14320388349514562
6 0.5901639344262295 0.4963592233009709 0.043219076005961254 0.1650485436893204
6 0.5730253353204173 0.7038834951456311 0.041728763040238454 0.1650485436893204