10 0.7749627421758569 0.7597087378640777 0.07600596125186289 0.12378640776699029
0 0.20417287630402384 0.7524271844660194 0.10879284649776454 0.15048543689320387
11 0.46944858420268254 0.8143203883495146 0.08792846497764531 0.08980582524271845
11 0.481371087928465 0.7330097087378641 0.08792846497764531 0.09223300970873786
11 0.3450074515648286 0.7694174757281553 0.08494783904619971 0.08737864077669903
11 0.3561847988077496 0.683252427184466 0.08643815201192251 0.08980582524271845
11 0.22131147540983606 0.6359223300970874 0.08643815201192251 0.08980582524271845
11 0.23248882265275708 0.5497572815533981 0.08494783904619971 0.0825242718446602
11 0.8964232488822653 0.883495145631068 0.08792846497764531 0.09223300970873786
11 0.9076005961251863 0.7961165048543689 0.08643815201192251 0.08980582524271845
11 0.6289120715350224 0.7924757281553398 0.09090909090909091 0.0970873786407767
11 0.6408345752608048 0.7014563106796117 0.08941877794336811 0.09223300970873786
4 0.879284649776453 0.9672330097087378 0.07451564828614009 0.06067961165048544
16 0.08047690014903129 0.7536407766990292 0.05812220566318927 0.09466019417475728
16 0.018628912071535022 0.7196601941747572 0.037257824143070044 0.09951456310679611
16 0.09687034277198212 0.6395631067961165 0.05961251862891207 0.0970873786407767
16 0.02608047690014903 0.6092233009708737 0.05216095380029806 0.0970873786407767
16 0.11251862891207154 0.5315533980582524 0.05812220566318927 0.09466019417475728
16 0.038002980625931444 0.5012135922330098 0.06110283159463487 0.09951456310679611
6 0.4947839046199702 0.6456310679611651 0.10283159463487332 0.0825242718446602
6 0.36885245901639346 0.6007281553398058 0.10283159463487332 0.08009708737864078