0 0.69625 0.3925 0.03916666666666667 0.06
11 0.7829166666666667 0.4305 0.03166666666666667 0.037
11 0.78125 0.4055 0.03333333333333333 0.044
11 0.7429166666666667 0.3975 0.0325 0.043
11 0.7404166666666666 0.3685 0.035 0.044
11 0.69125 0.3545 0.035 0.042
11 0.6895833333333333 0.3325 0.035833333333333335 0.042
4 0.9854166666666667 0.6135 0.024166666666666666 0.037
4 0.9795833333333334 0.567 0.024166666666666666 0.033
15 0.9475 0.566 0.03833333333333333 0.053
14 0.92125 0.493 0.05583333333333333 0.066
3 0.8679166666666667 0.497 0.045 0.057
1 0.8291666666666667 0.4355 0.034166666666666665 0.039
16 0.65625 0.364 0.019166666666666665 0.031
16 0.6554166666666666 0.33 0.018333333333333333 0.025
16 0.6529166666666667 0.299 0.0175 0.028