0 0.31416666666666665 0.6315 0.04416666666666667 0.064
11 0.225 0.6045 0.034166666666666665 0.04
11 0.22875 0.629 0.03666666666666667 0.047
11 0.2675 0.6325 0.035833333333333335 0.046
11 0.27208333333333334 0.661 0.03833333333333333 0.048
11 0.3225 0.6685 0.03833333333333333 0.046
11 0.3258333333333333 0.6905 0.03916666666666667 0.046
4 0.010833333333333334 0.4485 0.021666666666666667 0.041
4 0.0175 0.4935 0.02666666666666667 0.036
15 0.049166666666666664 0.4905 0.0425 0.057
14 0.08166666666666667 0.5595 0.060833333333333336 0.073
3 0.13416666666666666 0.5495 0.049166666666666664 0.062
1 0.17833333333333334 0.6055 0.03666666666666667 0.043
16 0.35625 0.6545 0.021666666666666667 0.033
16 0.36 0.6885 0.020833333333333332 0.027
16 0.36541666666666667 0.7195 0.02 0.03