0 0.46416666666666667 0.2445 0.056666666666666664 0.059
11 0.5175 0.1545 0.03666666666666667 0.045
11 0.49666666666666665 0.1495 0.0425 0.048
11 0.48041666666666666 0.192 0.041666666666666664 0.047
11 0.45625 0.187 0.043333333333333335 0.05
11 0.4325 0.2405 0.041666666666666664 0.05
11 0.4141666666666667 0.237 0.041666666666666664 0.051
14 0.5995833333333334 0.029 0.059166666666666666 0.043
3 0.5925 0.0725 0.05583333333333333 0.065
1 0.5333333333333333 0.102 0.03916666666666667 0.048
16 0.43125 0.2835 0.029166666666666667 0.029
16 0.40375 0.276 0.025 0.027
16 0.3775 0.2705 0.02666666666666667 0.027