13 0.8379166666666666 0.3044914134742404 0.06583333333333333 0.0964332892998679
0 0.7329166666666667 0.33619550858652575 0.05 0.09379128137384413
15 0.9245833333333333 0.3619550858652576 0.03916666666666667 0.06472919418758256
4 0.98375 0.4663143989431968 0.0275 0.05416116248348745
4 0.9691666666666666 0.40885072655217963 0.025833333333333333 0.052840158520475564
11 0.76625 0.31836195508586523 0.03833333333333333 0.0607661822985469
11 0.7591666666666667 0.28401585204755614 0.0375 0.059445178335535004
11 0.7216666666666667 0.29326287978863935 0.03833333333333333 0.062087186261558784
11 0.7120833333333333 0.2575957727873184 0.041666666666666664 0.062087186261558784
16 0.6945833333333333 0.3229854689564069 0.025833333333333333 0.047556142668428
16 0.6845833333333333 0.27807133421400265 0.0225 0.04227212681638045
16 0.675 0.23447820343461032 0.0275 0.03963011889035667