13 0.85875 0.5389696169088507 0.06416666666666666 0.09379128137384413
0 0.7545833333333334 0.5006605019815059 0.04833333333333333 0.09247027741083223
15 0.9233333333333333 0.6479524438573315 0.03833333333333333 0.06340819022457067
4 0.9508333333333333 0.7813738441215323 0.02666666666666667 0.052840158520475564
4 0.9520833333333333 0.7192866578599736 0.025 0.05151915455746367
11 0.7895833333333333 0.5059445178335535 0.0375 0.059445178335535004
11 0.7925 0.46961690885072654 0.03666666666666667 0.05812417437252312
11 0.7554166666666666 0.45442536327608984 0.0375 0.0607661822985469
11 0.75625 0.4154557463672391 0.04083333333333333 0.0607661822985469
16 0.7229166666666667 0.46367239101717306 0.025 0.046235138705416116
16 0.7254166666666667 0.41611624834874505 0.021666666666666667 0.04095112285336856
16 0.7279166666666667 0.3705416116248349 0.02666666666666667 0.03830911492734478