0 0.6684523809523809 0.5785123966942148 0.1 0.30165289256198347
1 0.2970238095238095 0.7128099173553719 0.09285714285714286 0.18181818181818182
11 0.4583333333333333 0.29132231404958675 0.08095238095238096 0.16942148760330578
11 0.44702380952380955 0.4607438016528926 0.07857142857142857 0.1652892561983471
11 0.4369047619047619 0.6260330578512396 0.08214285714285714 0.17355371900826447
11 0.4255952380952381 0.7975206611570248 0.07976190476190476 0.17768595041322313
11 0.5636904761904762 0.36363636363636365 0.07738095238095238 0.15702479338842976
11 0.5523809523809524 0.5351239669421488 0.07857142857142857 0.1652892561983471
11 0.5416666666666666 0.7004132231404959 0.07857142857142857 0.1652892561983471
11 0.5321428571428571 0.8739669421487604 0.07857142857142857 0.16942148760330578
12 0.6452380952380953 0.9607438016528925 0.05714285714285714 0.07024793388429752
11 0.6535714285714286 0.8016528925619835 0.0869047619047619 0.1859504132231405
16 0.7833333333333333 0.5599173553719008 0.05238095238095238 0.17768595041322313
16 0.8517857142857143 0.6115702479338843 0.05476190476190476 0.19008264462809918
16 0.7690476190476191 0.7768595041322314 0.055952380952380955 0.19008264462809918
16 0.8386904761904762 0.8305785123966942 0.055952380952380955 0.19421487603305784
16 0.8244047619047619 0.9752066115702479 0.05357142857142857 0.04132231404958678
10 0.7547619047619047 0.9462809917355371 0.06190476190476191 0.09917355371900827
17 0.31785714285714284 0.41115702479338845 0.10952380952380952 0.21487603305785125