4 0.150146484375 0.44590643274853803 0.05517578125 0.08552631578947369
11 0.147216796875 0.5383771929824561 0.06689453125 0.0489766081871345
11 0.146728515625 0.6001461988304093 0.06591796875 0.051900584795321635
11 0.287109375 0.42507309941520466 0.0673828125 0.046052631578947366
11 0.28564453125 0.4901315789473684 0.06884765625 0.0533625730994152
11 0.283935546875 0.5551900584795322 0.0654296875 0.0489766081871345
11 0.281494140625 0.6169590643274854 0.0654296875 0.051900584795321635
11 0.599853515625 0.5917397660818714 0.06494140625 0.051900584795321635
11 0.596435546875 0.6567982456140351 0.06689453125 0.0489766081871345
11 0.6943359375 0.6038011695906432 0.0693359375 0.05555555555555555
11 0.68896484375 0.6663011695906432 0.06884765625 0.0533625730994152
0 0.7021484375 0.5211988304093568 0.08984375 0.10380116959064327
1 0.502197265625 0.535453216374269 0.080078125 0.05701754385964912
1 0.385009765625 0.6352339181286549 0.07861328125 0.05701754385964912
17 0.49560546875 0.6461988304093568 0.09326171875 0.062134502923976605
16 0.800537109375 0.4685672514619883 0.0380859375 0.059941520467836254
16 0.86474609375 0.47441520467836257 0.03759765625 0.05847953216374269
16 0.79248046875 0.5672514619883041 0.0390625 0.05555555555555555
16 0.85546875 0.5723684210526315 0.03759765625 0.059941520467836254
16 0.78369140625 0.6630116959064327 0.03857421875 0.054093567251461985
16 0.846435546875 0.6673976608187134 0.0390625 0.05555555555555555
10 0.507080078125 0.44005847953216376 0.04736328125 0.06944444444444445