4 0.1533203125 0.4093567251461988 0.05859375 0.09064327485380116
11 0.146240234375 0.5014619883040936 0.068359375 0.05555555555555555
11 0.14306640625 0.5628654970760234 0.0673828125 0.05847953216374269
11 0.291015625 0.4027777777777778 0.06884765625 0.05263157894736842
11 0.28662109375 0.46747076023391815 0.07080078125 0.059941520467836254
11 0.281982421875 0.5325292397660819 0.06689453125 0.05555555555555555
11 0.276611328125 0.5939327485380117 0.06689453125 0.0577485380116959
11 0.595458984375 0.6019736842105263 0.06640625 0.0577485380116959
11 0.5888671875 0.6663011695906432 0.068359375 0.05555555555555555
11 0.68896484375 0.6239035087719298 0.0712890625 0.06286549707602339
11 0.6806640625 0.685672514619883 0.07080078125 0.059941520467836254
0 0.70068359375 0.54203216374269 0.09326171875 0.1118421052631579
1 0.50048828125 0.535453216374269 0.08203125 0.06505847953216375
1 0.37890625 0.6228070175438597 0.08056640625 0.06432748538011696
17 0.48876953125 0.6451023391812866 0.0947265625 0.07090643274853801
16 0.80126953125 0.5 0.04052734375 0.06286549707602339
16 0.864990234375 0.5124269005847953 0.0400390625 0.06140350877192982
16 0.78857421875 0.5975877192982456 0.041015625 0.05921052631578947
16 0.85107421875 0.6092836257309941 0.0400390625 0.06286549707602339
16 0.775146484375 0.6922514619883041 0.04052734375 0.0577485380116959
16 0.837890625 0.7032163742690059 0.041015625 0.05921052631578947
10 0.510009765625 0.4407894736842105 0.05029296875 0.07383040935672515