4 0.148193359375 0.5007309941520468 0.0537109375 0.08333333333333333
11 0.15185546875 0.5935672514619883 0.06591796875 0.046052631578947366
11 0.15576171875 0.6546052631578947 0.06494140625 0.0489766081871345
11 0.283203125 0.4586988304093567 0.06689453125 0.04312865497076023
11 0.2861328125 0.5237573099415205 0.06787109375 0.05043859649122807
11 0.2890625 0.5884502923976608 0.064453125 0.046052631578947366
11 0.291015625 0.6505847953216374 0.064453125 0.04824561403508772
11 0.60595703125 0.5756578947368421 0.06396484375 0.04824561403508772
11 0.60693359375 0.6407163742690059 0.06591796875 0.046052631578947366
11 0.70068359375 0.5727339181286549 0.068359375 0.05263157894736842
11 0.69970703125 0.6359649122807017 0.06787109375 0.05043859649122807
0 0.70263671875 0.4894005847953216 0.08740234375 0.09941520467836257
1 0.504638671875 0.5347222222222222 0.0791015625 0.0533625730994152
1 0.39501953125 0.6524122807017544 0.07763671875 0.05263157894736842
17 0.505859375 0.6458333333333334 0.091796875 0.05701754385964912
16 0.796630859375 0.42141812865497075 0.037109375 0.05847953216374269
16 0.861083984375 0.41739766081871343 0.03662109375 0.056286549707602336
16 0.795654296875 0.5211988304093568 0.03759765625 0.054093567251461985
16 0.858642578125 0.5164473684210527 0.03662109375 0.0577485380116959
16 0.79345703125 0.6176900584795322 0.037109375 0.05263157894736842
16 0.8564453125 0.6122076023391813 0.03759765625 0.054093567251461985
10 0.5029296875 0.43896198830409355 0.0458984375 0.06725146198830409