10 0.14776119402985075 0.7355072463768116 0.058208955223880594 0.0893719806763285
0 0.4305970149253731 0.8731884057971014 0.10746268656716418 0.1570048309178744
1 0.5664179104477612 0.6171497584541062 0.11343283582089553 0.09903381642512077
11 0.41940298507462687 0.748792270531401 0.09104477611940298 0.0821256038647343
11 0.41194029850746267 0.6545893719806763 0.09253731343283582 0.08454106280193237
11 0.27238805970149255 0.7874396135265701 0.09104477611940298 0.0893719806763285
11 0.2626865671641791 0.6871980676328503 0.0880597014925373 0.08695652173913043
11 0.9552238805970149 0.8176328502415459 0.08656716417910448 0.0893719806763285
11 0.9485074626865672 0.7258454106280193 0.08955223880597014 0.08454106280193237
11 0.9388059701492537 0.6328502415458938 0.08955223880597014 0.0821256038647343
11 0.932089552238806 0.5362318840579711 0.08955223880597014 0.0893719806763285
17 0.5805970149253732 0.7814009661835749 0.1253731343283582 0.10628019323671498
16 0.16940298507462687 0.967391304347826 0.05522388059701493 0.06038647342995169
16 0.09253731343283582 0.9770531400966184 0.056716417910447764 0.04106280193236715
16 0.15970149253731344 0.8647342995169082 0.056716417910447764 0.09178743961352658
16 0.08134328358208955 0.8852657004830918 0.05522388059701493 0.0893719806763285
16 0.0708955223880597 0.7657004830917874 0.05522388059701493 0.09178743961352658