10 0.13507462686567165 0.6739130434782609 0.05373134328358209 0.07971014492753623
0 0.40671641791044777 0.8599033816425121 0.1 0.14009661835748793
1 0.558955223880597 0.6268115942028986 0.10895522388059702 0.07971014492753623
11 0.40373134328358207 0.7342995169082126 0.0880597014925373 0.06763285024154589
11 0.40223880597014927 0.6388888888888888 0.08955223880597014 0.07004830917874397
11 0.25522388059701495 0.7475845410628019 0.0880597014925373 0.0748792270531401
11 0.25223880597014925 0.6461352657004831 0.08507462686567165 0.07246376811594203
11 0.9343283582089552 0.893719806763285 0.08656716417910448 0.07246376811594203
11 0.9313432835820895 0.8007246376811594 0.08656716417910448 0.07004830917874397
11 0.9276119402985075 0.7065217391304348 0.08656716417910448 0.06763285024154589
11 0.926865671641791 0.6086956521739131 0.08656716417910448 0.0748792270531401
17 0.5619402985074626 0.7934782608695652 0.1208955223880597 0.08695652173913043
16 0.13955223880597015 0.9239130434782609 0.049253731343283584 0.08454106280193237
16 0.06194029850746269 0.9323671497584541 0.049253731343283584 0.08695652173913043
16 0.13805970149253732 0.8055555555555556 0.05223880597014925 0.08454106280193237
16 0.05895522388059701 0.8128019323671497 0.050746268656716415 0.0821256038647343
16 0.055970149253731345 0.6920289855072463 0.050746268656716415 0.08454106280193237