16 0.5767766497461929 0.841254752851711 0.020939086294416244 0.025665399239543727
16 0.5869289340101523 0.8127376425855514 0.01903553299492386 0.026615969581749048
16 0.5951776649746193 0.8350760456273765 0.01903553299492386 0.021863117870722433
16 0.6046954314720813 0.8051330798479087 0.015862944162436547 0.02091254752851711
16 0.6116751269035533 0.8269961977186312 0.013959390862944163 0.021863117870722433
16 0.6208756345177665 0.7965779467680608 0.01649746192893401 0.022813688212927757
0 0.5368020304568528 0.9771863117870723 0.03489847715736041 0.043726235741444866
0 0.5675761421319797 0.8769011406844106 0.04060913705583756 0.04277566539923954
11 0.554251269035533 0.964828897338403 0.024111675126903553 0.03612167300380228
11 0.5656725888324873 0.9576996197718631 0.022208121827411168 0.03231939163498099
11 0.5688451776649747 0.9187262357414449 0.025380710659898477 0.03517110266159696
11 0.5812182741116751 0.9115969581749049 0.021573604060913704 0.03136882129277566
11 0.5853426395939086 0.8688212927756654 0.022208121827411168 0.03231939163498099
11 0.5964467005076142 0.8616920152091255 0.024746192893401017 0.03612167300380228