16 0.27220812182741116 0.6150190114068441 0.01713197969543147 0.03136882129277566
16 0.29124365482233505 0.6302281368821293 0.017766497461928935 0.028517110266159697
16 0.27633248730964466 0.6425855513307985 0.014593908629441625 0.028517110266159697
16 0.2963197969543147 0.6568441064638784 0.013959390862944163 0.02376425855513308
16 0.2817258883248731 0.6673003802281369 0.014593908629441625 0.02091254752851711
16 0.3020304568527919 0.6810836501901141 0.015228426395939087 0.024714828897338403
0 0.1814720812182741 0.5551330798479087 0.02918781725888325 0.05228136882129278
0 0.24841370558375633 0.6012357414448669 0.028553299492385786 0.060836501901140684
11 0.18972081218274112 0.5812737642585551 0.024111675126903553 0.03612167300380228
11 0.1944796954314721 0.598384030418251 0.021573604060913704 0.03326996197718631
11 0.220494923857868 0.6031368821292775 0.023477157360406092 0.03802281368821293
11 0.22525380710659898 0.6216730038022814 0.020939086294416244 0.03231939163498099
11 0.25380710659898476 0.627851711026616 0.021573604060913704 0.03326996197718631
11 0.2585659898477157 0.6444866920152091 0.024111675126903553 0.0370722433460076
12 0.15513959390862944 0.5731939163498099 0.01649746192893401 0.027566539923954372
11 0.14657360406091371 0.5518060836501901 0.02284263959390863 0.03897338403041825