16 0.5888324873096447 0.8346007604562737 0.020939086294416244 0.026615969581749048
16 0.5977157360406091 0.8056083650190115 0.01967005076142132 0.027566539923954372
16 0.6065989847715736 0.8269961977186312 0.01967005076142132 0.022813688212927757
16 0.6151649746192893 0.7965779467680608 0.01649746192893401 0.021863117870722433
16 0.6227791878172588 0.8174904942965779 0.014593908629441625 0.022813688212927757
16 0.6310279187817259 0.7865969581749049 0.01713197969543147 0.02376425855513308
0 0.5532994923857868 0.9738593155893536 0.03553299492385787 0.045627376425855515
0 0.5805837563451777 0.8711977186311787 0.041243654822335024 0.045627376425855515
11 0.5704314720812182 0.9600760456273765 0.024746192893401017 0.03802281368821293
11 0.5815355329949239 0.9519961977186312 0.02284263959390863 0.03326996197718631
11 0.5834390862944162 0.9125475285171103 0.02601522842639594 0.0370722433460076
11 0.5954949238578681 0.904467680608365 0.022208121827411168 0.03231939163498099
11 0.5980329949238579 0.8616920152091255 0.02284263959390863 0.03326996197718631
11 0.6088197969543148 0.8536121673003803 0.02601522842639594 0.0370722433460076