0 0.7005 0.44223555888972244 0.06 0.03225806451612903
1 0.79 0.4467366841710428 0.074 0.024756189047261814
17 0.784 0.4156039009752438 0.079 0.028507126781695424
10 0.791 0.4741185296324081 0.047 0.0277569392348087
16 0.6255 0.39047261815453865 0.041 0.019504876219054765
16 0.626 0.41335333833458365 0.04 0.018754688672168042
16 0.6235 0.4373593398349587 0.038 0.020255063765941484
16 0.5785 0.3825956489122281 0.035 0.019504876219054765
16 0.5785 0.404351087771943 0.036 0.020255063765941484
16 0.576 0.4279819954988747 0.038 0.023255813953488372
11 0.695 0.4174793698424606 0.067 0.024756189047261814
11 0.693 0.39984996249062266 0.061 0.024756189047261814
11 0.8715 0.4493623405851463 0.059 0.024006001500375095
11 0.9475 0.4628657164291073 0.058 0.020255063765941484
11 0.8655 0.4324831207801951 0.059 0.02700675168792198
11 0.9415 0.4463615903975994 0.051 0.02175543885971493
12 0.954 0.4876219054763691 0.037 0.019504876219054765
12 0.8805 0.4741185296324081 0.049 0.02175543885971493