0 0.389 0.36196549137284323 0.039 0.04351087771942986
1 0.3795 0.29519879969992496 0.029 0.05401350337584396
17 0.34 0.3049512378094524 0.033 0.05776444111027757
10 0.4155 0.2895723930982746 0.034 0.03375843960990248
16 0.3345 0.42610652663165793 0.023 0.030007501875468866
16 0.3645 0.42198049512378094 0.023 0.029257314328582147
16 0.396 0.4197299324831208 0.025 0.02700675168792198
16 0.332 0.46211552888222057 0.024 0.025506376594148537
16 0.361 0.45836459114778694 0.025 0.025506376594148537
16 0.3925 0.45648912228057015 0.029 0.02700675168792198
11 0.358 0.37021755438859716 0.028 0.04876219054763691
11 0.335 0.37471867966991745 0.029 0.04426106526631658
11 0.369 0.23443360840210054 0.028 0.04276069017254314
11 0.3735 0.17591897974493623 0.023 0.04276069017254314
11 0.348 0.2415603900975244 0.032 0.04276069017254314
11 0.3525 0.18304576144036008 0.026 0.037509377344336084
11 0.43 0.046511627906976744 0.025 0.0450112528132033
11 0.4055 0.0555138784696174 0.026 0.04126031507876969
12 0.405 0.16691672918229558 0.024 0.02700675168792198
12 0.4 0.2231807951987997 0.026 0.035258814703675916