0 0.43 0.3477119279819955 0.044 0.04576144036009002
1 0.439 0.28094523630907725 0.036 0.0555138784696174
17 0.3975 0.2843210802700675 0.041 0.06001500375093773
10 0.476 0.28094523630907725 0.038 0.035258814703675916
16 0.3585 0.4021005251312828 0.027 0.03150787696924231
16 0.389 0.40247561890472616 0.027 0.03075768942235559
16 0.421 0.4051012753188297 0.028 0.028507126781695424
16 0.3465 0.43698424606151537 0.027 0.02700675168792198
16 0.3755 0.4377344336084021 0.028 0.02700675168792198
16 0.4065 0.440735183795949 0.032 0.029257314328582147
11 0.397 0.35108777194298574 0.035 0.05026256564141035
11 0.3735 0.35183795948987245 0.035 0.04576144036009002
11 0.4455 0.21980495123780946 0.033 0.04426106526631658
11 0.4665 0.16316579144786197 0.029 0.04351087771942986
11 0.4225 0.22355588897224307 0.037 0.0450112528132033
11 0.4435 0.16691672918229558 0.03 0.03900975243810953
11 0.557 0.04538634658664666 0.031 0.046511627906976744
11 0.5305 0.050637659414853715 0.031 0.04276069017254314
12 0.4995 0.15941485371342837 0.027 0.028507126781695424
12 0.479 0.21380345086271568 0.031 0.03675918979744936