4 0.06944444444444445 0.2992125984251969 0.07222222222222222 0.1062992125984252
11 0.058333333333333334 0.4035433070866142 0.09166666666666666 0.07480314960629922
11 0.05 0.47834645669291337 0.09166666666666666 0.07480314960629922
11 0.6222222222222222 0.5177165354330708 0.08888888888888889 0.06692913385826772
11 0.6138888888888889 0.5885826771653543 0.08888888888888889 0.07086614173228346
11 0.7597222222222222 0.5452755905511811 0.08888888888888889 0.07086614173228346
11 0.75 0.6220472440944882 0.08611111111111111 0.06692913385826772
1 0.2 0.5098425196850394 0.09444444444444444 0.06299212598425197
0 0.7708333333333334 0.4389763779527559 0.10277777777777777 0.1220472440944882
15 0.44027777777777777 0.3641732283464567 0.10555555555555556 0.08661417322834646
16 0.9625 0.43700787401574803 0.05555555555555555 0.07874015748031496
16 0.95 0.5374015748031497 0.05277777777777778 0.08267716535433071
16 0.9402777777777778 0.6299212598425197 0.058333333333333334 0.08267716535433071
14 0.41944444444444445 0.5452755905511811 0.16111111111111112 0.11023622047244094