4 0.9097222222222222 0.7736220472440944 0.07777777777777778 0.1141732283464567
11 0.9305555555555556 0.6712598425196851 0.09444444444444444 0.09055118110236221
11 0.9444444444444444 0.5984251968503937 0.09444444444444444 0.09055118110236221
11 0.38055555555555554 0.46062992125984253 0.08888888888888889 0.07874015748031496
11 0.3958333333333333 0.3937007874015748 0.09166666666666666 0.08267716535433071
11 0.24722222222222223 0.4094488188976378 0.09166666666666666 0.08267716535433071
11 0.2625 0.33661417322834647 0.08611111111111111 0.07874015748031496
1 0.7986111111111112 0.5413385826771654 0.09722222222222222 0.07874015748031496
0 0.225 0.5137795275590551 0.1111111111111111 0.1377952755905512
15 0.5472222222222223 0.6437007874015748 0.10833333333333334 0.10236220472440945
16 0.03611111111111111 0.4822834645669291 0.06111111111111111 0.08661417322834646
16 0.05555555555555555 0.3838582677165354 0.058333333333333334 0.09055118110236221
16 0.07361111111111111 0.2952755905511811 0.06388888888888888 0.09055118110236221
14 0.5833333333333334 0.468503937007874 0.1638888888888889 0.13385826771653545