4 0.04861111111111111 0.452755905511811 0.06944444444444445 0.10236220472440945
11 0.05416666666666667 0.5590551181102362 0.08888888888888889 0.07086614173228346
11 0.059722222222222225 0.6318897637795275 0.08888888888888889 0.07086614173228346
11 0.6208333333333333 0.4763779527559055 0.08611111111111111 0.06299212598425197
11 0.625 0.547244094488189 0.08611111111111111 0.06692913385826772
11 0.7597222222222222 0.4547244094488189 0.08611111111111111 0.06692913385826772
11 0.7638888888888888 0.531496062992126 0.08333333333333333 0.06299212598425197
1 0.2111111111111111 0.6122047244094488 0.09444444444444444 0.05905511811023622
0 0.7527777777777778 0.3484251968503937 0.10277777777777777 0.11811023622047244
15 0.41944444444444445 0.38976377952755903 0.10555555555555556 0.08267716535433071
16 0.9375 0.2795275590551181 0.05555555555555555 0.07874015748031496
16 0.9444444444444444 0.38188976377952755 0.05277777777777778 0.08267716535433071
16 0.9486111111111111 0.4744094488188976 0.058333333333333334 0.08267716535433071
14 0.4305555555555556 0.5708661417322834 0.16111111111111112 0.10236220472440945