4 0.029166666666666667 0.553125 0.058333333333333334 0.0675
1 0.4925 0.620625 0.125 0.04625
11 0.037083333333333336 0.4884375 0.07416666666666667 0.044375
11 0.04541666666666667 0.4340625 0.08083333333333333 0.044375
11 0.74 0.645 0.10833333333333334 0.048125
11 0.75 0.5984375 0.09666666666666666 0.04375
11 0.8525 0.655 0.10166666666666667 0.049375
11 0.8666666666666667 0.61125 0.10166666666666667 0.044375
15 0.23916666666666667 0.593125 0.14333333333333334 0.06
0 0.8879166666666667 0.5521875 0.125 0.07
16 0.9595833333333333 0.6540625 0.029166666666666667 0.03625
17 0.51 0.555625 0.13333333333333333 0.045625
12 0.6316666666666667 0.63625 0.06916666666666667 0.028125
11 0.6454166666666666 0.5859375 0.09833333333333333 0.04375