4 0.43333333333333335 0.1228125 0.095 0.09
1 0.33916666666666667 0.494375 0.06166666666666667 0.09375
11 0.52 0.1328125 0.065 0.093125
11 0.5925 0.140625 0.06666666666666667 0.096875
11 0.30666666666666664 0.68 0.06416666666666666 0.08125
11 0.36875 0.6875 0.058333333333333334 0.0725
11 0.29333333333333333 0.764375 0.06583333333333333 0.07625
11 0.3516666666666667 0.775 0.059166666666666666 0.07625
15 0.37583333333333335 0.304375 0.08 0.1075
0 0.43041666666666667 0.7909375 0.09333333333333334 0.09375
16 0.2920833333333333 0.855 0.051666666666666666 0.041875
16 0.35875 0.871875 0.05 0.038125
16 0.4320833333333333 0.8909375 0.05583333333333333 0.04
17 0.42583333333333334 0.5075 0.060833333333333336 0.1
12 0.31833333333333336 0.59875 0.0375 0.051875
11 0.3854166666666667 0.6090625 0.058333333333333334 0.07375