4 0.61875 0.87 0.085 0.085
1 0.6604166666666667 0.493125 0.05 0.091875
11 0.53125 0.8665625 0.05333333333333334 0.090625
11 0.4579166666666667 0.8646875 0.05416666666666667 0.094375
11 0.6670833333333334 0.305625 0.05416666666666667 0.07875
11 0.6045833333333334 0.303125 0.049166666666666664 0.07
11 0.66875 0.2209375 0.056666666666666664 0.073125
11 0.6091666666666666 0.215 0.05 0.07375
15 0.6508333333333334 0.685 0.06666666666666667 0.10375
0 0.52875 0.2053125 0.0825 0.08875
16 0.6570833333333334 0.130625 0.0475 0.039375
16 0.58875 0.1190625 0.04666666666666667 0.035
16 0.5129166666666667 0.1059375 0.051666666666666666 0.036875
17 0.5725 0.4865625 0.04833333333333333 0.098125
12 0.6666666666666666 0.3875 0.030833333333333334 0.050625
11 0.59875 0.3828125 0.05 0.07125