4 0.8645 0.26744186046511625 0.051 0.03075768942235559
1 0.372 0.4782445611402851 0.038 0.037509377344336084
11 0.8715 0.3177044261065266 0.049 0.021005251312828207
17 0.3885 0.522880720180045 0.041 0.042010502625656414
17 0.3655 0.43360840210052515 0.039 0.042010502625656414
11 0.585 0.3057014253563391 0.049 0.021005251312828207
16 0.4715 0.3285821455363841 0.033 0.020255063765941484
16 0.44 0.33383345836459116 0.031 0.020255063765941484
16 0.4795 0.3529632408102025 0.034 0.020255063765941484
16 0.4465 0.35671417854463616 0.03 0.020255063765941484
16 0.4835 0.37696924231057766 0.034 0.020255063765941484
16 0.452 0.38072018004501124 0.036 0.020255063765941484