4 0.357 0.1571642910727682 0.043 0.03900975243810953
1 0.423 0.5798949737434359 0.051 0.030007501875468866
11 0.4215 0.17216804201050262 0.03 0.03675918979744936
17 0.4845 0.5858964741185296 0.057 0.033008252063015754
17 0.366 0.5667666916729183 0.057 0.03075768942235559
11 0.2945 0.36534133533383345 0.03 0.03675918979744936
16 0.2785 0.4527381845461365 0.028 0.025506376594148537
16 0.2725 0.4763690922730683 0.028 0.024006001500375095
16 0.3115 0.45648912228057015 0.028 0.02625656414103526
16 0.303 0.4808702175543886 0.028 0.023255813953488372
16 0.3425 0.46324081020255065 0.028 0.02625656414103526
16 0.335 0.486496624156039 0.029 0.0277569392348087