4 0.2365 0.19992498124531133 0.036 0.03600900225056264
1 0.4555 0.5926481620405101 0.047 0.024756189047261814
11 0.304 0.2010502625656414 0.022 0.035258814703675916
17 0.5165 0.5858964741185296 0.053 0.02700675168792198
17 0.396 0.5918979744936234 0.053 0.024756189047261814
11 0.253 0.41335333833458365 0.022 0.035258814703675916
16 0.2695 0.5003750937734434 0.024 0.023255813953488372
16 0.273 0.5243810952738185 0.023 0.02175543885971493
16 0.303 0.4973743435858965 0.024 0.024006001500375095
16 0.304 0.5225056264066017 0.024 0.020255063765941484
16 0.335 0.49699924981245314 0.024 0.024006001500375095
16 0.336 0.5210052513128282 0.024 0.025506376594148537