16 0.4465 0.6702925731432858 0.029 0.01800450112528132
16 0.4435 0.6489122280570142 0.029 0.019504876219054765
16 0.4115 0.6275318829707427 0.036 0.019504876219054765
16 0.4435 0.626781695423856 0.027 0.0172543135783946
16 0.4115 0.6489122280570142 0.037 0.02175543885971493
16 0.415 0.6710427606901725 0.032 0.020255063765941484
11 0.302 0.667291822955739 0.047 0.0172543135783946
11 0.3045 0.6856714178544636 0.047 0.01800450112528132
11 0.3655 0.6807951987997 0.044 0.015753938484621154
4 0.0485 0.6939234808702176 0.042 0.024006001500375095
1 0.5365 0.5408852213053263 0.021 0.03225806451612903
17 0.533 0.49849962490622657 0.028 0.03675918979744936
11 0.05 0.6507876969242311 0.052 0.016504126031507877