16 0.573 0.33383345836459116 0.029 0.01800450112528132
16 0.5735 0.35521380345086273 0.029 0.019504876219054765
16 0.603 0.3784696174043511 0.036 0.020255063765941484
16 0.571 0.377344336084021 0.027 0.0172543135783946
16 0.6055 0.3574643660915229 0.037 0.02250562640660165
16 0.6045 0.33495873968492124 0.032 0.021005251312828207
11 0.7165 0.34621155288822203 0.047 0.0172543135783946
11 0.7165 0.3278319579894974 0.047 0.01800450112528132
11 0.655 0.32895723930982745 0.044 0.016504126031507877
4 0.972 0.33645911477869467 0.043 0.024756189047261814
1 0.4685 0.45723930982745686 0.022 0.03225806451612903
17 0.467 0.49962490622655664 0.028 0.03675918979744936
11 0.9655 0.3792198049512378 0.052 0.0172543135783946