11 0.412109375 0.3056368960468521 0.0791015625 0.06881405563689605
11 0.34814453125 0.5475841874084919 0.0791015625 0.06734992679355783
11 0.275146484375 0.1116398243045388 0.07958984375 0.06222547584187409
11 0.17236328125 0.09004392386530015 0.076171875 0.06515373352855051
12 0.498046875 0.3349194729136164 0.05810546875 0.048316251830161056
12 0.490234375 0.4465592972181552 0.0595703125 0.046120058565153735
12 0.4677734375 0.5849194729136163 0.05908203125 0.05636896046852123
12 0.459716796875 0.7254758418740849 0.052734375 0.04538799414348463
12 0.531494140625 0.16800878477306003 0.05810546875 0.04685212298682284
16 0.333984375 0.2884333821376281 0.03125 0.0527086383601757
16 0.873291015625 0.5464860907759883 0.0361328125 0.05197657393850659
16 0.253662109375 0.523792093704246 0.03271484375 0.04904831625183016