11 0.61474609375 0.6588579795021962 0.0771484375 0.05929721815519766
11 0.640869140625 0.4015373352855051 0.07666015625 0.05856515373352855
11 0.77734375 0.8019765739385066 0.07763671875 0.053440702781844804
11 0.880615234375 0.7880673499267935 0.07373046875 0.05636896046852123
12 0.526611328125 0.6592240117130308 0.056640625 0.04172767203513909
12 0.517333984375 0.5479502196193266 0.05810546875 0.038799414348462666
12 0.5185546875 0.4055636896046852 0.05712890625 0.04978038067349927
12 0.50537109375 0.2661054172767203 0.05126953125 0.03953147877013177
12 0.51904296875 0.8334553440702782 0.056640625 0.04026354319180088
16 0.693359375 0.6493411420204978 0.02880859375 0.04978038067349927
16 0.12939453125 0.5797950219619327 0.03369140625 0.048316251830161056
16 0.736328125 0.3931185944363104 0.03076171875 0.04538799414348463