16 0.4404166666666667 0.85125 0.0325 0.04875
16 0.555 0.7625 0.04083333333333333 0.05
16 0.32916666666666666 0.9025 0.04083333333333333 0.05375
11 0.5883333333333334 0.444375 0.0475 0.1325
11 0.46958333333333335 0.53375 0.05416666666666667 0.14875
11 0.34791666666666665 0.599375 0.055 0.14625
11 0.22625 0.708125 0.06166666666666667 0.13125
12 0.5691666666666667 0.62375 0.03166666666666667 0.08875
12 0.4529166666666667 0.715625 0.0325 0.09125
12 0.33708333333333335 0.77375 0.035833333333333335 0.0925
12 0.22625 0.864375 0.03916666666666667 0.09