16 0.5179166666666667 0.13875 0.03 0.04375
16 0.41541666666666666 0.255625 0.03833333333333333 0.045
16 0.6216666666666667 0.05875 0.0375 0.04875
11 0.4195833333333333 0.578125 0.03833333333333333 0.1275
11 0.52625 0.45875 0.045 0.14375
11 0.6383333333333333 0.3625 0.04583333333333333 0.14125
11 0.7454166666666666 0.22375 0.05333333333333334 0.12375
12 0.4175 0.39625 0.025833333333333333 0.08625
12 0.5216666666666666 0.275625 0.02666666666666667 0.08875
12 0.62875 0.188125 0.03 0.08875
12 0.7270833333333333 0.07 0.03333333333333333 0.085