16 0.25958333333333333 0.53 0.03333333333333333 0.05125
16 0.35208333333333336 0.663125 0.035 0.06375
16 0.19041666666666668 0.38875 0.0375 0.0625
16 0.10583333333333333 0.263125 0.03 0.05875
11 0.56375 0.606875 0.08916666666666667 0.07625
11 0.46875 0.4675 0.1 0.08875
11 0.3879166666666667 0.316875 0.09916666666666667 0.08875
11 0.27958333333333335 0.179375 0.08916666666666667 0.0975
12 0.44458333333333333 0.638125 0.06 0.05125
12 0.34875 0.503125 0.06166666666666667 0.05375
12 0.27458333333333335 0.358125 0.0625 0.05875
12 0.18125 0.230625 0.060833333333333336 0.0625