16 0.368359375 0.5245302713987474 0.01953125 0.027139874739039668
16 0.35 0.5292275574112735 0.02109375 0.028183716075156576
16 0.327734375 0.5365344467640919 0.01875 0.031315240083507306
16 0.309765625 0.5433194154488518 0.02265625 0.027139874739039668
16 0.2890625 0.5516701461377871 0.02109375 0.024008350730688934
16 0.281640625 0.5213987473903967 0.01953125 0.031315240083507306
16 0.303515625 0.5146137787056367 0.02734375 0.03444676409185804
16 0.316796875 0.4754697286012526 0.0203125 0.029227557411273485
16 0.33671875 0.4707724425887265 0.02421875 0.03549060542797495
16 0.35703125 0.4603340292275574 0.02265625 0.030271398747390398
15 0.335546875 0.5020876826722338 0.02734375 0.031315240083507306
1 0.256640625 0.5313152400835073 0.03203125 0.031315240083507306
1 0.251171875 0.4989561586638831 0.03125 0.028183716075156576
16 0.21953125 0.5026096033402923 0.01953125 0.032359081419624215
16 0.198828125 0.5109603340292276 0.01875 0.029227557411273485