16 0.368359375 0.47494780793319413 0.015625 0.022964509394572025
16 0.349609375 0.47286012526096033 0.0171875 0.022964509394572025
16 0.326953125 0.4718162839248434 0.0140625 0.027139874739039668
16 0.308203125 0.471294363256785 0.01875 0.021920668058455117
16 0.28671875 0.4718162839248434 0.01796875 0.018789144050104383
16 0.285546875 0.43997912317327764 0.01484375 0.027139874739039668
16 0.308203125 0.44154488517745305 0.02265625 0.028183716075156576
16 0.32890625 0.40866388308977036 0.01640625 0.024008350730688934
16 0.34921875 0.41179540709812107 0.01953125 0.029227557411273485
16 0.370703125 0.4091858037578288 0.01875 0.025052192066805846
15 0.34140625 0.44154488517745305 0.0234375 0.025052192066805846
1 0.259765625 0.4405010438413361 0.02890625 0.022964509394572025
1 0.2609375 0.407098121085595 0.02890625 0.019832985386221295
16 0.2296875 0.39926931106471814 0.01484375 0.028183716075156576
16 0.208203125 0.39979123173277664 0.0140625 0.025052192066805846