16 0.53671875 0.32933194154488515 0.01953125 0.024008350730688934
16 0.541015625 0.3048016701461378 0.01953125 0.026096033402922755
16 0.544921875 0.27505219206680587 0.021875 0.022964509394572025
16 0.54765625 0.25 0.01875 0.028183716075156576
16 0.550390625 0.22181628392484343 0.01640625 0.027139874739039668
16 0.57421875 0.2244258872651357 0.02265625 0.024008350730688934
16 0.569921875 0.25417536534446766 0.0234375 0.03444676409185804
16 0.59140625 0.28653444676409184 0.0203125 0.025052192066805846
16 0.586328125 0.3126304801670146 0.025 0.030271398747390398
16 0.58515625 0.34133611691022964 0.02109375 0.028183716075156576
15 0.565625 0.2980167014613779 0.02109375 0.03444676409185804
1 0.57734375 0.19050104384133612 0.02109375 0.04175365344467641
1 0.601953125 0.1967640918580376 0.01875 0.0407098121085595
16 0.612109375 0.15657620041753653 0.0234375 0.024008350730688934
16 0.61484375 0.1278705636743215 0.02109375 0.022964509394572025