2 0.660546875 0.75 0.03671875 0.04279749478079332
16 0.708203125 0.5882045929018789 0.015625 0.027139874739039668
16 0.68828125 0.5824634655532359 0.0203125 0.025052192066805846
16 0.66640625 0.5793319415448852 0.0171875 0.025052192066805846
16 0.763671875 0.6654488517745303 0.015625 0.025052192066805846
16 0.78203125 0.6675365344467641 0.0171875 0.024008350730688934
16 0.70546875 0.6189979123173278 0.02578125 0.025052192066805846
16 0.686328125 0.6153444676409185 0.01796875 0.024008350730688934
16 0.619140625 0.6383089770354906 0.01640625 0.025052192066805846
1 0.733203125 0.6236951983298539 0.0328125 0.021920668058455117
1 0.730859375 0.6550104384133612 0.02890625 0.028183716075156576