2 0.694921875 0.2985386221294363 0.03359375 0.05010438413361169
16 0.5765625 0.2265135699373695 0.02109375 0.022964509394572025
16 0.571484375 0.2531315240083507 0.01953125 0.028183716075156576
16 0.568359375 0.2818371607515658 0.01953125 0.024008350730688934
16 0.6375 0.15709812108559498 0.01953125 0.021920668058455117
16 0.640234375 0.13204592901878914 0.01875 0.024008350730688934
16 0.599609375 0.23225469728601253 0.0203125 0.03549060542797495
16 0.59609375 0.2578288100208768 0.01875 0.025052192066805846
16 0.609765625 0.34812108559498955 0.01953125 0.022964509394572025
1 0.6046875 0.19572025052192066 0.01796875 0.04384133611691023
1 0.628125 0.19989561586638832 0.021875 0.03966597077244259