2 0.659375 0.2489561586638831 0.03046875 0.04697286012526096
16 0.532421875 0.21137787056367432 0.01953125 0.019832985386221295
16 0.531640625 0.238517745302714 0.01796875 0.026096033402922755
16 0.5328125 0.2677453027139875 0.01796875 0.021920668058455117
16 0.58125 0.12630480167014613 0.01796875 0.019832985386221295
16 0.5796875 0.10125260960334029 0.0171875 0.021920668058455117
16 0.555859375 0.21033402922755742 0.01796875 0.033402922755741124
16 0.55625 0.23643006263048016 0.0171875 0.022964509394572025
16 0.58359375 0.3209812108559499 0.01796875 0.020876826722338204
1 0.5546875 0.1732776617954071 0.01484375 0.04279749478079332
1 0.578515625 0.17118997912317327 0.01953125 0.037578288100208766