0 0.709375 0.4149377593360996 0.11 0.16182572614107885
11 0.7 0.27593360995850624 0.093125 0.10650069156293222
11 0.6971875 0.173582295988935 0.085 0.08713692946058091
11 0.843125 0.2544951590594744 0.090625 0.0995850622406639
11 0.83625 0.15283540802213003 0.090625 0.08713692946058091
11 0.55 0.3035961272475795 0.09125 0.09681881051175657
11 0.5415625 0.2053941908713693 0.085 0.08990318118948824
11 0.4015625 0.32710926694329184 0.098125 0.1037344398340249
12 0.39875 0.22268326417704012 0.065625 0.06915629322268327
16 0.18625 0.5373443983402489 0.05375 0.11341632088520055
16 0.111875 0.5594744121715076 0.051875 0.10511756569847856
16 0.1084375 0.42738589211618255 0.053125 0.11065006915629322
16 0.105625 0.2918395573997234 0.055625 0.0912863070539419
16 0.1803125 0.41009681881051174 0.0475 0.1078838174273859
10 0.18125 0.2793914246196404 0.068125 0.12448132780082988