11 0.22477064220183487 0.6138461538461538 0.06574923547400612 0.09692307692307692
11 0.1735474006116208 0.6246153846153846 0.06422018348623854 0.10153846153846154
11 0.14220183486238533 0.5007692307692307 0.06880733944954129 0.10461538461538461
11 0.19648318042813456 0.4846153846153846 0.06422018348623854 0.10153846153846154
11 0.16131498470948014 0.34615384615384615 0.0672782874617737 0.10307692307692308
11 0.10932721712538226 0.3607692307692308 0.06880733944954129 0.1076923076923077
0 0.04510703363914373 0.38153846153846155 0.09021406727828746 0.1076923076923077
4 0.3065749235474006 0.9807692307692307 0.0779816513761468 0.03538461538461538
14 0.27446483180428133 0.806923076923077 0.09174311926605505 0.17846153846153845
16 0.11391437308868502 0.2053846153846154 0.0581039755351682 0.06461538461538462
16 0.045871559633027525 0.22230769230769232 0.0581039755351682 0.06
16 0.0061162079510703364 0.23923076923076922 0.012232415902140673 0.06615384615384616