11 0.43119266055045874 0.20846153846153845 0.09021406727828746 0.05384615384615385
11 0.4288990825688073 0.15538461538461537 0.0963302752293578 0.05076923076923077
11 0.555045871559633 0.14461538461538462 0.09785932721712538 0.055384615384615386
11 0.5619266055045872 0.20076923076923076 0.0963302752293578 0.05076923076923077
11 0.7041284403669725 0.18692307692307691 0.09785932721712538 0.05384615384615385
11 0.6972477064220184 0.13384615384615384 0.10244648318042814 0.055384615384615386
0 0.6880733944954128 0.06307692307692307 0.0963302752293578 0.08153846153846153
4 0.035932721712538224 0.22923076923076924 0.07186544342507645 0.07076923076923076
4 0.03134556574923547 0.1346153846153846 0.06269113149847094 0.07230769230769231
14 0.23394495412844038 0.2276923076923077 0.1743119266055046 0.06769230769230769
16 0.8501529051987767 0.16230769230769232 0.0581039755351682 0.05076923076923077
16 0.8440366972477065 0.09230769230769231 0.053516819571865444 0.052307692307692305
16 0.8371559633027523 0.026153846153846153 0.05963302752293578 0.052307692307692305