11 0.47629969418960244 0.7984615384615384 0.09480122324159021 0.06461538461538462
11 0.4617737003058104 0.85 0.10091743119266056 0.06307692307692307
11 0.33868501529051986 0.8207692307692308 0.10244648318042814 0.06769230769230769
11 0.3486238532110092 0.7646153846153846 0.10091743119266056 0.06307692307692307
11 0.21024464831804282 0.7338461538461538 0.10244648318042814 0.06615384615384616
11 0.19954128440366972 0.786923076923077 0.10703363914373089 0.06769230769230769
0 0.18654434250764526 0.8569230769230769 0.10397553516819572 0.09230769230769231
4 0.8585626911314985 0.9030769230769231 0.07951070336391437 0.07692307692307693
4 0.8386850152905199 0.9769230769230769 0.0779816513761468 0.043076923076923075
14 0.6697247706422018 0.8415384615384616 0.17737003058103976 0.08923076923076922
16 0.06345565749235474 0.7123076923076923 0.06422018348623854 0.05692307692307692
16 0.0481651376146789 0.7807692307692308 0.0581039755351682 0.05692307692307692
16 0.03363914373088685 0.8476923076923077 0.06422018348623854 0.06153846153846154