16 0.8788135593220339 0.06153846153846154 0.05423728813559322 0.05076923076923077
16 0.8889830508474577 0.13 0.0576271186440678 0.05076923076923077
16 0.8949152542372881 0.1946153846153846 0.05593220338983051 0.04923076923076923
11 0.7559322033898305 0.22153846153846155 0.11186440677966102 0.04923076923076923
11 0.7516949152542373 0.17076923076923076 0.10338983050847457 0.043076923076923075
11 0.5906779661016949 0.17846153846153845 0.09830508474576272 0.047692307692307694
11 0.5915254237288136 0.23307692307692307 0.1 0.046153846153846156
0 0.7466101694915255 0.10384615384615385 0.11694915254237288 0.08307692307692308
4 0.012711864406779662 0.2553846153846154 0.025423728813559324 0.06461538461538462
4 0.007627118644067797 0.16153846153846155 0.015254237288135594 0.06769230769230769
3 0.15338983050847457 0.24615384615384617 0.13728813559322034 0.06769230769230769
5 0.2576271186440678 0.12538461538461537 0.2745762711864407 0.07230769230769231
15 0.39322033898305087 0.23153846153846153 0.13050847457627118 0.06307692307692307