16 0.01694915254237288 0.8261538461538461 0.03389830508474576 0.05846153846153846
16 0.023728813559322035 0.7584615384615384 0.04745762711864407 0.05846153846153846
16 0.029661016949152543 0.6946153846153846 0.059322033898305086 0.05692307692307692
11 0.16864406779661018 0.7038461538461539 0.1152542372881356 0.06307692307692307
11 0.15847457627118644 0.7530769230769231 0.10677966101694915 0.055384615384615386
11 0.3152542372881356 0.786923076923077 0.1016949152542373 0.05846153846153846
11 0.3305084745762712 0.7338461538461538 0.10338983050847457 0.05692307692307692
0 0.14322033898305084 0.8184615384615385 0.1271186440677966 0.09692307692307692
4 0.9050847457627119 0.8607692307692307 0.05254237288135593 0.06615384615384616
4 0.885593220338983 0.9523076923076923 0.04915254237288136 0.06769230769230769
3 0.7559322033898305 0.8307692307692308 0.1423728813559322 0.08307692307692308
5 0.6186440677966102 0.9207692307692308 0.27796610169491526 0.10461538461538461
15 0.5211864406779662 0.7846153846153846 0.13728813559322034 0.07846153846153846