16 0.8508474576271187 0.9569230769230769 0.06271186440677966 0.055384615384615386
16 0.7762711864406779 0.9453846153846154 0.06271186440677966 0.05846153846153846
16 0.7059322033898305 0.9323076923076923 0.061016949152542375 0.05692307692307692
11 0.7186440677966102 0.8038461538461539 0.0711864406779661 0.10615384615384615
11 0.7728813559322034 0.8146153846153846 0.06271186440677966 0.09692307692307692
11 0.8127118644067797 0.6730769230769231 0.06610169491525424 0.09384615384615384
11 0.7550847457627119 0.6576923076923077 0.06440677966101695 0.09384615384615384
0 0.8449152542372881 0.83 0.10847457627118644 0.11692307692307692
4 0.9084745762711864 0.12153846153846154 0.07966101694915254 0.08153846153846153
4 0.9830508474576272 0.14461538461538462 0.030508474576271188 0.07384615384615385
3 0.8686440677966102 0.27307692307692305 0.09491525423728814 0.13076923076923078
5 0.9516949152542373 0.3992307692307692 0.09322033898305085 0.25384615384615383
15 0.8144067796610169 0.48615384615384616 0.08813559322033898 0.12461538461538461