15 0.26066350710900477 0.14416666666666667 0.11058451816745656 0.06
11 0.11453396524486571 0.059166666666666666 0.08214849921011058 0.045
11 0.11848341232227488 0.015833333333333335 0.09162717219589257 0.03166666666666667
11 0.5813586097946287 0.12833333333333333 0.09004739336492891 0.04833333333333333
11 0.6785150078988942 0.135 0.08530805687203792 0.04833333333333333
11 0.6753554502369669 0.18666666666666668 0.08530805687203792 0.04666666666666667
11 0.7851500789889415 0.19083333333333333 0.08846761453396525 0.051666666666666666
11 0.792259083728278 0.14333333333333334 0.08688783570300158 0.04833333333333333
0 0.7954186413902053 0.075 0.08846761453396525 0.08166666666666667
12 0.580568720379147 0.18083333333333335 0.0631911532385466 0.03333333333333333
16 0.8949447077409163 0.18666666666666668 0.052132701421800945 0.05333333333333334
16 0.9004739336492891 0.12 0.05529225908372828 0.04833333333333333
16 0.9012638230647709 0.05333333333333334 0.04739336492890995 0.05333333333333334
1 0.46445497630331756 0.17583333333333334 0.09636650868878358 0.045
4 0.10742496050552923 0.12333333333333334 0.06477093206951026 0.06166666666666667
14 0.39257503949447076 0.03916666666666667 0.16113744075829384 0.075