15 0.1769352290679305 0.2275 0.11532385466034756 0.07333333333333333
11 0.029225908372827805 0.18833333333333332 0.05845181674565561 0.056666666666666664
11 0.026066350710900472 0.1375 0.052132701421800945 0.06166666666666667
11 0.48104265402843605 0.11916666666666667 0.09320695102685624 0.06
11 0.5766192733017378 0.09666666666666666 0.08846761453396525 0.058333333333333334
11 0.5860979462875198 0.1475 0.08846761453396525 0.056666666666666664
11 0.693522906793049 0.12 0.09162717219589257 0.06333333333333334
11 0.6872037914691943 0.07166666666666667 0.09004739336492891 0.058333333333333334
0 0.6729857819905213 0.025833333333333333 0.09794628751974724 0.051666666666666666
12 0.49368088467614535 0.17 0.06635071090047394 0.041666666666666664
16 0.7977883096366508 0.08416666666666667 0.05845181674565561 0.06
16 0.7859399684044234 0.023333333333333334 0.061611374407582936 0.04666666666666667
1 0.3815165876777251 0.19833333333333333 0.0995260663507109 0.058333333333333334
4 0.030805687203791468 0.25333333333333335 0.061611374407582936 0.07
14 0.2764612954186414 0.08833333333333333 0.1674565560821485 0.09666666666666666