15 0.2551342812006319 0.14833333333333334 0.11058451816745656 0.058333333333333334
11 0.10742496050552923 0.06583333333333333 0.08214849921011058 0.043333333333333335
11 0.11137440758293839 0.019166666666666665 0.09004739336492891 0.03833333333333333
11 0.5758293838862559 0.12666666666666668 0.08846761453396525 0.04666666666666667
11 0.6721958925750395 0.13166666666666665 0.08372827804107424 0.04666666666666667
11 0.669826224328594 0.18333333333333332 0.08372827804107424 0.045
11 0.7796208530805687 0.18583333333333332 0.08688783570300158 0.05
11 0.7859399684044234 0.1375 0.08530805687203792 0.04666666666666667
0 0.7890995260663507 0.06916666666666667 0.08688783570300158 0.08
12 0.5750394944707741 0.17916666666666667 0.0631911532385466 0.03166666666666667
16 0.8902053712480252 0.17916666666666667 0.052132701421800945 0.05333333333333334
16 0.8941548183254344 0.1125 0.053712480252764615 0.04833333333333333
16 0.8933649289099526 0.04583333333333333 0.04739336492890995 0.051666666666666666
1 0.4589257503949447 0.17666666666666667 0.09636650868878358 0.043333333333333335
4 0.10110584518167456 0.13083333333333333 0.06477093206951026 0.06
14 0.3854660347551343 0.041666666666666664 0.16113744075829384 0.07166666666666667