16 0.8240641711229947 0.8425 0.0427807486631016 0.0475
16 0.8716577540106952 0.848125 0.038502673796791446 0.04875
16 0.9208556149732621 0.858125 0.038502673796791446 0.0575
14 0.8909090909090909 0.264375 0.06203208556149733 0.14
11 0.8524064171122995 0.534375 0.0427807486631016 0.08
11 0.8898395721925134 0.53625 0.039572192513368985 0.07875
11 0.9700534759358289 0.12875 0.0374331550802139 0.075
11 0.993048128342246 0.13375 0.011764705882352941 0.0825
11 0.8363636363636363 0.63375 0.039572192513368985 0.08125
11 0.8759358288770054 0.641875 0.0374331550802139 0.07625
11 0.8240641711229947 0.744375 0.040641711229946524 0.08125
11 0.8598930481283422 0.750625 0.04171122994652406 0.08125
0 0.9101604278074866 0.7625 0.06737967914438503 0.09375
1 0.8647058823529412 0.428125 0.0427807486631016 0.0925
4 0.9213903743315508 0.119375 0.052406417112299465 0.06625