16 0.08983957219251337 0.32375 0.044919786096256686 0.05
16 0.04385026737967915 0.34 0.040641711229946524 0.05125
16 0.008556149732620321 0.351875 0.017112299465240642 0.06125
14 0.21336898395721926 0.89 0.06951871657754011 0.1425
11 0.1625668449197861 0.6225 0.047058823529411764 0.08125
11 0.12727272727272726 0.6375 0.04385026737967915 0.08
11 0.1449197860962567 0.523125 0.04385026737967915 0.0825
11 0.10588235294117647 0.533125 0.040641711229946524 0.0775
11 0.12085561497326203 0.415625 0.044919786096256686 0.0825
11 0.08609625668449197 0.425 0.045989304812834225 0.0825
0 0.03582887700534759 0.43625 0.07165775401069518 0.0975
1 0.18449197860962566 0.72625 0.047058823529411764 0.09375