16 0.09251336898395722 0.315625 0.04385026737967915 0.05
16 0.045989304812834225 0.33125 0.040641711229946524 0.05125
16 0.00909090909090909 0.3425 0.01818181818181818 0.06
14 0.20748663101604278 0.88375 0.06737967914438503 0.14125
11 0.16096256684491977 0.615625 0.045989304812834225 0.08125
11 0.12513368983957218 0.629375 0.0427807486631016 0.08
11 0.1449197860962567 0.51625 0.0427807486631016 0.08125
11 0.1053475935828877 0.525 0.039572192513368985 0.0775
11 0.12245989304812835 0.408125 0.04385026737967915 0.0825
11 0.08716577540106951 0.416875 0.044919786096256686 0.0825
0 0.03689839572192513 0.426875 0.07058823529411765 0.0975
1 0.18128342245989304 0.72 0.045989304812834225 0.0925