4 0.90625 0.11958266452648475 0.05125 0.07062600321027288
16 0.840625 0.8860353130016051 0.04375 0.05778491171749599
16 0.888125 0.8932584269662921 0.03875 0.05457463884430177
16 0.935625 0.9028892455858748 0.04 0.04975922953451043
14 0.87875 0.2953451043338684 0.055 0.15569823434991975
15 0.97375 0.30818619582664525 0.05 0.11235955056179775
0 0.925625 0.7993579454253612 0.065 0.09951845906902086
1 0.858125 0.4895666131621188 0.035 0.08828250401284109
11 0.88875 0.6035313001605136 0.035 0.0754414125200642
11 0.841875 0.6934189406099518 0.03625 0.08186195826645265
11 0.88125 0.6966292134831461 0.03625 0.08346709470304976
11 0.873125 0.7929373996789727 0.03375 0.08186195826645265
11 0.835625 0.7897271268057785 0.03625 0.08507223113964688
12 0.8475 0.5979133226324238 0.025 0.06420545746388442
11 0.9525 0.12118780096308186 0.0375 0.08507223113964688
11 0.985 0.1276083467094703 0.0275 0.08507223113964688