4 0.158125 0.9678972712680578 0.05125 0.060995184590690206
16 0.10875 0.20465489566613163 0.04375 0.05778491171749599
16 0.060625 0.20947030497592295 0.03875 0.052969502407704656
16 0.01625 0.21268057784911718 0.0325 0.04975922953451043
14 0.15875 0.7937399678972713 0.0525 0.15569823434991975
15 0.06125 0.8057784911717496 0.0525 0.11075441412520064
0 0.038125 0.31059390048154095 0.06375 0.09951845906902086
1 0.150625 0.5979133226324238 0.035 0.08828250401284109
11 0.103125 0.49357945425361155 0.03375 0.0754414125200642
11 0.135625 0.39325842696629215 0.035 0.08186195826645265
11 0.096875 0.40048154093097915 0.035 0.08346709470304976
11 0.09 0.30337078651685395 0.0325 0.08186195826645265
11 0.1275 0.29775280898876405 0.035 0.08507223113964688
12 0.144375 0.4895666131621188 0.02375 0.06420545746388442
11 0.1125 0.9686998394863563 0.0375 0.0593900481540931
11 0.074375 0.971107544141252 0.03875 0.05457463884430177