11 0.026412776412776413 0.17 0.052825552825552825 0.05
11 0.022727272727272728 0.120625 0.045454545454545456 0.05125
11 0.43796068796068793 0.1325 0.07985257985257985 0.0475
11 0.5362407862407862 0.164375 0.085995085995086 0.04875
11 0.5276412776412777 0.11875 0.08230958230958231 0.05125
11 0.6406633906633906 0.148125 0.08845208845208845 0.05375
11 0.6314496314496314 0.101875 0.085995085995086 0.0525
12 0.44594594594594594 0.184375 0.06265356265356266 0.03625
1 0.33906633906633904 0.201875 0.0945945945945946 0.05
17 0.3286240786240786 0.135625 0.11179361179361179 0.05125
15 0.1676904176904177 0.209375 0.11425061425061425 0.07
0 0.6234643734643734 0.040625 0.0945945945945946 0.08125
16 0.742014742014742 0.11625 0.05405405405405406 0.05125
16 0.730958230958231 0.0575 0.052825552825552825 0.0525
16 0.722972972972973 0.01125 0.05773955773955774 0.0225
4 0.02702702702702703 0.2325 0.05405405405405406 0.0675