11 0.07800982800982802 0.080625 0.085995085995086 0.03875
11 0.08046683046683047 0.030625 0.08476658476658476 0.04
11 0.507985257985258 0.126875 0.07616707616707617 0.03875
11 0.5982800982800983 0.1775 0.08230958230958231 0.03875
11 0.5988943488943489 0.13125 0.07862407862407862 0.0425
11 0.7039312039312039 0.181875 0.08476658476658476 0.04375
11 0.7039312039312039 0.134375 0.08230958230958231 0.0425
12 0.5061425061425061 0.179375 0.060196560196560195 0.03
1 0.39803439803439805 0.17625 0.09090909090909091 0.04
17 0.4004914004914005 0.109375 0.10933660933660934 0.03875
15 0.2278869778869779 0.15 0.10810810810810811 0.0575
0 0.7076167076167076 0.07 0.085995085995086 0.075
16 0.8095823095823096 0.17 0.04914004914004914 0.045
16 0.8095823095823096 0.110625 0.04791154791154791 0.04625
16 0.8138820638820639 0.04625 0.051597051597051594 0.04875
4 0.07678132678132678 0.143125 0.06756756756756757 0.05875