11 0.9563882063882064 0.880625 0.085995085995086 0.04125
11 0.957002457002457 0.930625 0.08353808353808354 0.04375
11 0.523955773955774 0.8725 0.07616707616707617 0.04
11 0.42936117936117935 0.83 0.08230958230958231 0.04
11 0.43304668304668303 0.87625 0.07985257985257985 0.04375
11 0.32432432432432434 0.835 0.085995085995086 0.04625
11 0.3286240786240786 0.881875 0.08353808353808354 0.04375
12 0.5214987714987716 0.82 0.060196560196560195 0.03
1 0.6296068796068796 0.81375 0.09090909090909091 0.04125
17 0.6326781326781327 0.880625 0.10933660933660934 0.04125
15 0.800982800982801 0.824375 0.10933660933660934 0.05875
0 0.3298525798525799 0.94625 0.08722358722358722 0.07625
16 0.2199017199017199 0.85625 0.05036855036855037 0.04625
16 0.22481572481572482 0.915 0.04914004914004914 0.0475
16 0.22727272727272727 0.97625 0.05405405405405406 0.045
4 0.9527027027027027 0.818125 0.06756756756756757 0.06