4 0.903125 0.0945273631840796 0.04125 0.06301824212271974
16 0.859375 0.7346600331674958 0.04 0.05306799336650083
16 0.9075 0.6774461028192371 0.0325 0.05306799336650083
16 0.951875 0.681592039800995 0.0325 0.05140961857379768
16 0.94875 0.7446102819237148 0.04 0.05472636815920398
16 0.903125 0.7404643449419569 0.03625 0.05472636815920398
17 0.8825 0.19900497512437812 0.03375 0.10281923714759536
12 0.86625 0.4253731343283582 0.02625 0.06301824212271974
11 0.9025 0.4320066334991708 0.035 0.07462686567164178
11 0.860625 0.5655058043117744 0.035 0.08291873963515754
11 0.895625 0.5704809286898839 0.0325 0.08291873963515754
11 0.94625 0.10199004975124377 0.03375 0.0779436152570481
11 0.98125 0.10364842454394693 0.035 0.0845771144278607
1 0.8725 0.31343283582089554 0.03 0.08291873963515754
10 0.860625 0.6699834162520729 0.045 0.06633499170812604
0 0.939375 0.5754560530679934 0.05625 0.087893864013267