0 0.183125 0.8851522842639594 0.0925 0.08121827411167512
1 0.523125 0.8286802030456852 0.09 0.050761421319796954
11 0.4075 0.8578680203045685 0.07375 0.046954314720812185
11 0.30875 0.8394670050761421 0.08625 0.05456852791878172
11 0.31625 0.7893401015228426 0.0925 0.05710659898477157
11 0.8525 0.9765228426395939 0.09 0.044416243654822336
11 0.19875 0.8210659898477157 0.085 0.05203045685279188
11 0.205 0.7734771573604061 0.09 0.05583756345177665
12 0.415 0.807741116751269 0.06375 0.03553299492385787
15 0.716875 0.8851522842639594 0.10625 0.06852791878172589
17 0.515 0.8978426395939086 0.105 0.05203045685279188
16 0.101875 0.766497461928934 0.055 0.05456852791878172
16 0.09 0.8261421319796954 0.055 0.05583756345177665
16 0.07875 0.8876903553299492 0.055 0.05456852791878172
4 0.86375 0.9194162436548223 0.07625 0.06852791878172589