0 0.715625 0.048223350253807105 0.085 0.07106598984771574
1 0.399375 0.18718274111675126 0.08625 0.04060913705583756
11 0.504375 0.13007614213197968 0.07 0.03807106598984772
11 0.604375 0.12309644670050761 0.0825 0.04314720812182741
11 0.609375 0.17385786802030456 0.08875 0.04568527918781726
11 0.04375 0.12055837563451777 0.085 0.04060913705583756
11 0.040625 0.07233502538071065 0.08 0.04187817258883249
11 0.71625 0.11421319796954314 0.08125 0.04060913705583756
11 0.72125 0.16243654822335024 0.08625 0.044416243654822336
12 0.509375 0.18083756345177665 0.06125 0.0266497461928934
15 0.1975 0.17956852791878172 0.10125 0.05583756345177665
17 0.390625 0.11738578680203046 0.1025 0.03807106598984772
16 0.8225 0.1434010152284264 0.05 0.048223350253807105
16 0.82 0.08248730964467005 0.04875 0.050761421319796954
16 0.816875 0.02284263959390863 0.05125 0.04568527918781726
4 0.0475 0.18210659898477158 0.06875 0.06091370558375635