0 0.17625 0.8794416243654822 0.09375 0.08248730964467005
1 0.5175 0.8286802030456852 0.09 0.0532994923857868
11 0.40125 0.8559644670050761 0.07375 0.048223350253807105
11 0.303125 0.8362944162436549 0.08625 0.05583756345177665
11 0.31125 0.7861675126903553 0.0925 0.0583756345177665
11 0.844375 0.9790609137055838 0.09125 0.03934010152284264
11 0.193125 0.815989847715736 0.08625 0.0532994923857868
11 0.200625 0.7684010152284264 0.09 0.05710659898477157
12 0.41 0.8064720812182741 0.06375 0.03680203045685279
15 0.710625 0.8889593908629442 0.1075 0.07106598984771574
17 0.508125 0.8978426395939086 0.10625 0.0532994923857868
16 0.0975 0.7595177664974619 0.05625 0.05456852791878172
16 0.084375 0.8191624365482234 0.055 0.05710659898477157
16 0.0725 0.8800761421319797 0.05625 0.05456852791878172
4 0.85625 0.925761421319797 0.07625 0.06979695431472081