16 0.12 0.3639705882352941 0.05 0.05269607843137255
16 0.133125 0.4178921568627451 0.0475 0.04779411764705882
16 0.085 0.4319852941176471 0.04625 0.041666666666666664
16 0.0325 0.43995098039215685 0.05 0.04779411764705882
16 0.023125 0.3909313725490196 0.04625 0.04656862745098039
16 0.070625 0.3762254901960784 0.0475 0.04411764705882353
4 0.264375 0.9675245098039216 0.05625 0.0625
11 0.210625 0.9693627450980392 0.05125 0.058823529411764705
11 0.17125 0.9761029411764706 0.0525 0.04534313725490196
11 0.236875 0.8106617647058824 0.055 0.07965686274509803
11 0.2 0.8174019607843137 0.05125 0.07720588235294118
11 0.150625 0.6096813725490197 0.05125 0.07475490196078431
11 0.188125 0.602328431372549 0.04875 0.07598039215686274
11 0.164375 0.49754901960784315 0.04875 0.07598039215686274
11 0.13 0.5079656862745098 0.0475 0.07352941176470588
1 0.2175 0.7040441176470589 0.05375 0.08700980392156862
0 0.073125 0.5183823529411765 0.075 0.0821078431372549