16 0.738125 0.17892156862745098 0.0475 0.0428921568627451
16 0.681875 0.17708333333333334 0.04375 0.04044117647058824
16 0.68125 0.12745098039215685 0.0375 0.0392156862745098
16 0.688125 0.07598039215686274 0.0425 0.04411764705882353
16 0.74 0.07720588235294118 0.04 0.04534313725490196
16 0.739375 0.12928921568627452 0.04 0.041666666666666664
4 0.105 0.14767156862745098 0.06 0.04534313725490196
11 0.11125 0.09558823529411764 0.0725 0.03799019607843137
11 0.11 0.05514705882352941 0.07 0.0392156862745098
11 0.268125 0.16666666666666666 0.0775 0.041666666666666664
11 0.27125 0.12990196078431374 0.07375 0.0392156862745098
11 0.48875 0.1403186274509804 0.07125 0.0392156862745098
11 0.485625 0.17769607843137256 0.0725 0.03676470588235294
11 0.595 0.18443627450980393 0.0725 0.03676470588235294
11 0.594375 0.1488970588235294 0.07125 0.03553921568627451
1 0.3775 0.17769607843137256 0.08375 0.0392156862745098
0 0.599375 0.09252450980392157 0.075 0.0625