16 0.32875 0.8596813725490197 0.05 0.04656862745098039
16 0.384375 0.8511029411764706 0.04625 0.0428921568627451
16 0.394375 0.8995098039215687 0.04 0.0428921568627451
16 0.398125 0.9515931372549019 0.045 0.04656862745098039
16 0.346875 0.9595588235294118 0.04375 0.04779411764705882
16 0.336875 0.9087009803921569 0.0425 0.04411764705882353
4 0.95625 0.7720588235294118 0.0625 0.05024509803921569
11 0.960625 0.8247549019607843 0.075 0.04411764705882353
11 0.965625 0.8633578431372549 0.06625 0.04534313725490196
11 0.7925 0.7837009803921569 0.08 0.04779411764705882
11 0.79625 0.8204656862745098 0.07625 0.04534313725490196
11 0.58125 0.8504901960784313 0.07375 0.04534313725490196
11 0.57625 0.8137254901960784 0.075 0.0428921568627451
11 0.468125 0.8272058823529411 0.075 0.0428921568627451
11 0.475625 0.8621323529411765 0.07375 0.041666666666666664
1 0.683125 0.7935049019607843 0.08625 0.04656862745098039
0 0.481875 0.9185049019607843 0.08 0.06862745098039216