0 0.9225 0.7036553524804178 0.07375 0.09530026109660575
11 0.843125 0.42493472584856395 0.0475 0.08224543080939947
11 0.888125 0.42689295039164493 0.04125 0.0783289817232376
11 0.866875 0.695822454308094 0.03875 0.0835509138381201
11 0.823125 0.6945169712793734 0.04625 0.08093994778067885
11 0.83 0.556135770234987 0.0425 0.07571801566579635
11 0.878125 0.5620104438642297 0.0425 0.08224543080939947
15 0.869375 0.25783289817232374 0.05625 0.10574412532637076
16 0.94 0.8178851174934726 0.0475 0.050913838120104436
16 0.8825 0.8133159268929504 0.04625 0.04960835509138381
16 0.826875 0.8093994778067886 0.045 0.05221932114882506
4 0.88375 0.09530026109660575 0.06 0.06788511749347259
4 0.96375 0.10182767624020887 0.06 0.0639686684073107