0 0.95875 0.5822454308093995 0.08 0.10052219321148825
11 0.813125 0.3348563968668407 0.05375 0.08485639686684072
11 0.856875 0.3244125326370757 0.0475 0.08093994778067885
11 0.903125 0.5900783289817232 0.045 0.08616187989556136
11 0.860625 0.6005221932114883 0.0525 0.0835509138381201
11 0.833125 0.4654046997389034 0.0475 0.0783289817232376
11 0.880625 0.4575718015665796 0.04875 0.08485639686684072
15 0.79625 0.1664490861618799 0.06375 0.10835509138381201
16 0.988125 0.6886422976501305 0.02125 0.05613577023498695
16 0.9475 0.6990861618798956 0.05 0.05221932114882506
16 0.8925 0.7108355091383812 0.04875 0.05483028720626632
4 0.770625 0.020887728459530026 0.06625 0.04177545691906005
4 0.85 0.012402088772845953 0.065 0.024804177545691905