0 0.915625 0.7193211488250653 0.07625 0.097911227154047
11 0.845625 0.43798955613577023 0.05 0.0835509138381201
11 0.890625 0.4406005221932115 0.04375 0.07963446475195822
11 0.86 0.7095300261096605 0.04125 0.08485639686684072
11 0.81625 0.706266318537859 0.04875 0.08093994778067885
11 0.828125 0.5685378590078329 0.045 0.07702349869451697
11 0.875625 0.5757180156657964 0.045 0.0835509138381201
15 0.876875 0.27154046997389036 0.05875 0.10704960835509138
16 0.929375 0.8342036553524804 0.04875 0.05221932114882506
16 0.871875 0.827023498694517 0.0475 0.050913838120104436
16 0.81625 0.8211488250652742 0.04625 0.05352480417754569
4 0.8975 0.10966057441253264 0.0625 0.06919060052219321
4 0.9725 0.11945169712793734 0.0525 0.06657963446475196