11 0.6517386722866175 0.4811643835616438 0.10748155953635406 0.2054794520547945
11 0.37407797681770283 0.2945205479452055 0.10432033719704953 0.18835616438356165
11 0.3840885142255005 0.1386986301369863 0.10853530031612224 0.2089041095890411
11 0.24499473129610116 0.07534246575342465 0.11064278187565858 0.1506849315068493
11 0.23603793466807166 0.2071917808219178 0.101159114857745 0.1952054794520548
0 0.22866174920969443 0.4383561643835616 0.11907270811380401 0.3253424657534247
17 0.5205479452054794 0.21404109589041095 0.1327713382507903 0.21575342465753425
4 0.8956796628029505 0.5068493150684932 0.0779768177028451 0.2191780821917808
11 0.8846153846153846 0.7345890410958904 0.10748155953635406 0.21232876712328766
11 0.8761854583772392 0.8972602739726028 0.10853530031612224 0.19863013698630136
16 0.08377239199157008 0.4469178082191781 0.05690200210748156 0.17465753424657535
16 0.09852476290832456 0.23972602739726026 0.05795574288724974 0.18493150684931506
16 0.11327713382507903 0.05821917808219178 0.06006322444678609 0.11643835616438356
11 0.6633298208640674 0.3184931506849315 0.101159114857745 0.19863013698630136