11 0.6496311907270811 0.4126712328767123 0.10326659641728135 0.16095890410958905
11 0.3667017913593256 0.3544520547945205 0.10010537407797682 0.14726027397260275
11 0.3698630136986301 0.1952054794520548 0.10432033719704953 0.1643835616438356
11 0.22813487881981032 0.1660958904109589 0.1053740779768177 0.16095890410958905
11 0.22602739726027396 0.3304794520547945 0.09694415173867228 0.15753424657534246
0 0.22866174920969443 0.5616438356164384 0.1095890410958904 0.2808219178082192
17 0.5084299262381454 0.2089041095890411 0.1285563751317176 0.16095890410958905
4 0.8919915700737618 0.3287671232876712 0.07165437302423604 0.1917808219178082
11 0.8909378292939937 0.5582191780821918 0.10221285563751317 0.17123287671232876
11 0.8904109589041096 0.7414383561643836 0.10221285563751317 0.1917808219178082
16 0.08587987355110643 0.6352739726027398 0.051633298208640675 0.1541095890410959
16 0.09114857744994731 0.4229452054794521 0.051633298208640675 0.1643835616438356
16 0.0958904109589041 0.20205479452054795 0.05268703898840885 0.16095890410958905
11 0.6538461538461539 0.2465753424657534 0.09694415173867228 0.16095890410958905