16 0.14330543933054393 0.2206896551724138 0.05543933054393305 0.15862068965517243
16 0.14382845188284518 0.44482758620689655 0.056485355648535567 0.15862068965517243
16 0.14069037656903766 0.6689655172413793 0.05439330543933055 0.15862068965517243
16 0.06642259414225941 0.6603448275862069 0.051255230125523014 0.15517241379310345
16 0.06746861924686193 0.4413793103448276 0.053347280334728034 0.16896551724137931
16 0.06903765690376569 0.21724137931034482 0.05230125523012552 0.16206896551724137
0 0.2536610878661088 0.5896551724137931 0.10355648535564854 0.27586206896551724
1 0.5397489539748954 0.19482758620689655 0.11192468619246862 0.15517241379310345
11 0.6830543933054394 0.4068965517241379 0.09832635983263599 0.16206896551724137
11 0.6835774058577406 0.5827586206896552 0.09414225941422594 0.1482758620689655
11 0.6788702928870293 0.756896551724138 0.09623430962343096 0.16551724137931034
11 0.8891213389121339 0.7172413793103448 0.09832635983263599 0.15517241379310345
11 0.8901673640167364 0.5482758620689655 0.08891213389121339 0.15517241379310345
12 0.39644351464435146 0.18620689655172415 0.06380753138075314 0.1
11 0.39539748953974896 0.3689655172413793 0.09937238493723849 0.14482758620689656
17 0.5376569037656904 0.45 0.12552301255230125 0.16896551724137931
11 0.6846234309623431 0.23103448275862068 0.09518828451882845 0.16551724137931034
11 0.2536610878661088 0.3568965517241379 0.09309623430962342 0.1482758620689655
11 0.2567991631799163 0.18620689655172415 0.09832635983263599 0.16206896551724137
4 0.8917364016736402 0.31551724137931036 0.07635983263598327 0.2103448275862069