16 0.8650627615062761 0.6120689655172413 0.05753138075313807 0.16896551724137931
16 0.8551255230125523 0.3913793103448276 0.058577405857740586 0.16896551724137931
16 0.8488493723849372 0.16724137931034483 0.056485355648535567 0.16896551724137931
16 0.9225941422594143 0.1413793103448276 0.05439330543933055 0.16551724137931034
16 0.9309623430962343 0.3586206896551724 0.056485355648535567 0.1793103448275862
16 0.9388075313807531 0.5827586206896552 0.05439330543933055 0.1724137931034483
0 0.7400627615062761 0.2982758620689655 0.1087866108786611 0.3
1 0.473326359832636 0.8206896551724138 0.11506276150627615 0.1793103448275862
11 0.3226987447698745 0.6758620689655173 0.10146443514644352 0.18275862068965518
11 0.3148535564853556 0.5017241379310344 0.09728033472803348 0.16896551724137931
11 0.3122384937238494 0.3275862068965517 0.09832635983263599 0.18620689655172415
11 0.10564853556485355 0.46379310344827585 0.10146443514644352 0.17586206896551723
11 0.11140167364016737 0.6310344827586207 0.09205020920502092 0.17586206896551723
12 0.6155857740585774 0.7637931034482759 0.06485355648535565 0.11379310344827587
11 0.6093096234309623 0.5810344827586207 0.10251046025104603 0.16896551724137931
17 0.4649581589958159 0.5655172413793104 0.12866108786610878 0.19655172413793104
11 0.3284518828451883 0.85 0.09728033472803348 0.18620689655172415
11 0.75 0.5275862068965518 0.09623430962343096 0.16896551724137931
11 0.75418410041841 0.7 0.10146443514644352 0.18275862068965518
4 0.11976987447698745 0.8620689655172413 0.08054393305439331 0.22758620689655173