1 0.2263549415515409 0.7060931899641577 0.10148777895855472 0.15412186379928317
11 0.23485653560042508 0.43548387096774194 0.09298618490967056 0.15949820788530467
11 0.23910733262486716 0.2724014336917563 0.0951115834218916 0.15232974910394265
0 0.45988310308182784 0.37455197132616486 0.09776833156216791 0.23835125448028674
0 0.5980340063761955 0.41845878136200715 0.10680127523910733 0.24014336917562723
11 0.7319341126461212 0.3673835125448029 0.09086078639744952 0.15591397849462366
11 0.7268862911795961 0.5304659498207885 0.09298618490967056 0.15949820788530467
11 0.7218384697130712 0.6917562724014337 0.09298618490967056 0.15949820788530467
11 0.7167906482465463 0.8566308243727598 0.08820403825717323 0.16845878136200718
12 0.5890010626992561 0.8243727598566308 0.06376195536663125 0.11290322580645161
12 0.44686503719447396 0.7840501792114696 0.062167906482465465 0.1003584229390681
11 0.4524442082890542 0.6012544802867383 0.09298618490967056 0.15770609318996415
11 0.5879383634431455 0.6442652329749103 0.09192348565356004 0.16129032258064516
16 0.8368756641870351 0.6442652329749103 0.0536663124335813 0.15412186379928317
16 0.8445802337938364 0.4283154121863799 0.05419766206163656 0.16129032258064516
16 0.9155154091392136 0.4507168458781362 0.052603613177470775 0.15770609318996415
16 0.9088735387885228 0.6675627240143369 0.05579171094580234 0.16487455197132617
16 0.9022316684378321 0.8772401433691757 0.0589798087141339 0.17025089605734767
10 0.8294367693942615 0.8700716845878136 0.07545164718384698 0.2114695340501792