1 0.24920297555791712 0.9193548387096774 0.1030818278427205 0.15770609318996415
11 0.23804463336875664 0.6541218637992832 0.09351753453772582 0.17025089605734767
11 0.230605738575983 0.49193548387096775 0.09617428267800213 0.16129032258064516
0 0.45191285866099895 0.4112903225806452 0.09936238044633369 0.24910394265232974
0 0.5892667375132837 0.34139784946236557 0.10839532412327312 0.25089605734767023
11 0.7157279489904357 0.1827956989247312 0.09192348565356004 0.16487455197132617
11 0.7223698193411264 0.3449820788530466 0.09351753453772582 0.17025089605734767
11 0.7290116896918172 0.5053763440860215 0.09351753453772582 0.17025089605734767
11 0.7359192348565357 0.6693548387096774 0.08926673751328375 0.1774193548387097
12 0.6097236981934112 0.7419354838709677 0.06429330499468651 0.12007168458781362
12 0.46865037194473963 0.8189964157706093 0.06269925611052073 0.1057347670250896
11 0.461211477151966 0.6370967741935484 0.09404888416578108 0.16845878136200718
11 0.5956429330499469 0.5689964157706093 0.09298618490967056 0.17025089605734767
16 0.8371413390010627 0.3655913978494624 0.05472901168969182 0.15949820788530467
16 0.8294367693942615 0.1496415770609319 0.05526036131774708 0.16666666666666666
16 0.8998405951115834 0.11290322580645161 0.0536663124335813 0.16308243727598568
16 0.9086078639744952 0.3288530465949821 0.056854410201912856 0.17025089605734767
16 0.917375132837407 0.5376344086021505 0.06057385759829968 0.1774193548387097
10 0.8461742826780021 0.5905017921146953 0.07704569606801276 0.21863799283154123