1 0.7712539851222104 0.2625448028673835 0.10042507970244421 0.14336917562724014
11 0.7656748140276302 0.5331541218637993 0.09192348565356004 0.15053763440860216
11 0.7630180658873539 0.6971326164874552 0.09404888416578108 0.14157706093189965
0 0.5414452709883103 0.6200716845878136 0.09617428267800213 0.22939068100358423
0 0.403028692879915 0.5931899641577061 0.10520722635494155 0.22939068100358423
11 0.269394261424017 0.6594982078853047 0.089798087141339 0.14516129032258066
11 0.2728480340063762 0.49551971326164873 0.09192348565356004 0.15053763440860216
11 0.2763018065887354 0.3342293906810036 0.09192348565356004 0.15053763440860216
11 0.27975557917109456 0.16845878136200718 0.0871413390010627 0.15949820788530467
12 0.4078108395324123 0.1863799283154122 0.06269925611052073 0.1057347670250896
12 0.5502125398512221 0.20967741935483872 0.061636556854410204 0.0931899641577061
11 0.5464930924548352 0.39336917562724016 0.0924548352816153 0.14874551971326164
11 0.41073326248671627 0.3655913978494624 0.09086078639744952 0.15053763440860216
16 0.1617959617428268 0.3951612903225806 0.052072263549415514 0.14874551971326164
16 0.15621679064824653 0.6120071684587813 0.052603613177470775 0.15591397849462366
16 0.08528161530286929 0.5976702508960573 0.05100956429330499 0.15232974910394265
16 0.089798087141339 0.38082437275985664 0.05419766206163656 0.15949820788530467
16 0.09404888416578108 0.17114695340501793 0.05791710945802338 0.16487455197132617
10 0.16710945802337937 0.1693548387096774 0.07385759829968119 0.20430107526881722