0 0.7265047518479408 0.15401785714285715 0.11615628299894404 0.3080357142857143
1 0.4767687434002112 0.8883928571428571 0.10876451953537487 0.21428571428571427
11 0.08922914466737064 0.8660714285714286 0.09609292502639916 0.25
11 0.0781414994720169 0.6383928571428571 0.09820485744456177 0.2544642857142857
11 0.5976768743400211 0.5267857142857143 0.0908130939809926 0.23214285714285715
11 0.737064413938754 0.3861607142857143 0.09609292502639916 0.24553571428571427
11 0.749208025343189 0.6071428571428571 0.09820485744456177 0.25
12 0.6129883843717001 0.765625 0.06546990496304118 0.15178571428571427
16 0.8579725448785639 0.43973214285714285 0.06230200633579725 0.24553571428571427
16 0.9324181626187962 0.3638392857142857 0.06019007391763464 0.2544642857142857
16 0.9186906019007391 0.10491071428571429 0.06335797254487856 0.20982142857142858
16 0.8447729672650475 0.14732142857142858 0.05807814149947202 0.25
17 0.4588173178458289 0.5803571428571429 0.11826821541710665 0.25892857142857145
15 0.25818373812038015 0.5133928571428571 0.11826821541710665 0.3125
14 0.2840549102428722 0.9285714285714286 0.17529039070749736 0.13392857142857142