0 0.1863799283154122 0.5536912751677853 0.12813620071684587 0.3523489932885906
1 0.6232078853046595 0.18120805369127516 0.11917562724014337 0.20469798657718122
11 0.4632616487455197 0.5184563758389261 0.1057347670250896 0.2181208053691275
11 0.45654121863799285 0.7483221476510067 0.1057347670250896 0.2181208053691275
11 0.19489247311827956 0.24328859060402686 0.11200716845878136 0.2348993288590604
11 0.19982078853046595 0.06375838926174497 0.11827956989247312 0.12751677852348994
11 0.3346774193548387 0.3070469798657718 0.1057347670250896 0.21140939597315436
11 0.34050179211469533 0.09060402684563758 0.1039426523297491 0.18120805369127516
16 0.047491039426523295 0.3053691275167785 0.07078853046594982 0.24161073825503357
16 0.03718637992831541 0.6124161073825504 0.06720430107526881 0.24161073825503357
16 0.05600358422939068 0.06711409395973154 0.06720430107526881 0.1342281879194631
15 0.8557347670250897 0.8825503355704698 0.13082437275985664 0.22818791946308725
14 0.8664874551971327 0.3389261744966443 0.19086021505376344 0.2986577181208054
4 0.46953405017921146 0.2231543624161074 0.0967741935483871 0.29194630872483224