16 0.9275582573454914 0.8082191780821918 0.05572441742654509 0.14726027397260275
16 0.9300911854103343 0.5753424657534246 0.05065856129685917 0.1541095890410959
16 0.9300911854103343 0.3441780821917808 0.0547112462006079 0.15753424657534246
16 0.8596757852077 0.3339041095890411 0.0547112462006079 0.15753424657534246
16 0.8571428571428571 0.5616438356164384 0.0547112462006079 0.16095890410958905
17 0.3211752786220871 0.5428082191780822 0.12563323201621074 0.17465753424657535
0 0.745694022289767 0.4212328767123288 0.10131712259371833 0.2808219178082192
1 0.31864235055724416 0.7962328767123288 0.10536980749746708 0.14726027397260275
11 0.6180344478216818 0.6335616438356164 0.09827760891590678 0.15753424657534246
11 0.7426545086119554 0.6523972602739726 0.0972644376899696 0.1506849315068493
11 0.7416413373860182 0.8287671232876712 0.0911854103343465 0.14726027397260275
11 0.6195542046605876 0.8116438356164384 0.0851063829787234 0.14383561643835616
11 0.5081053698074974 0.803082191780822 0.08814589665653495 0.13356164383561644
11 0.11246200607902736 0.571917808219178 0.09625126646403243 0.1643835616438356
11 0.1094224924012158 0.7517123287671232 0.09523809523809523 0.1506849315068493
10 0.8515704154002026 0.797945205479452 0.07396149949341439 0.19863013698630136