10 0.15771484375 0.07061688311688312 0.0869140625 0.14123376623376624
0 0.758056640625 0.7727272727272727 0.10888671875 0.3262987012987013
1 0.453369140625 0.14935064935064934 0.10400390625 0.18181818181818182
17 0.435791015625 0.4569805194805195 0.11279296875 0.19318181818181818
16 0.1455078125 0.24918831168831168 0.0576171875 0.18344155844155843
16 0.134765625 0.47564935064935066 0.0625 0.19480519480519481
16 0.060302734375 0.42938311688311687 0.05615234375 0.18993506493506493
16 0.072509765625 0.20373376623376624 0.06396484375 0.18993506493506493
16 0.084716796875 0.044642857142857144 0.06298828125 0.08928571428571429
11 0.251708984375 0.3887987012987013 0.0947265625 0.18019480519480519
11 0.259521484375 0.22077922077922077 0.0927734375 0.17694805194805194
11 0.268798828125 0.0689935064935065 0.09716796875 0.137987012987013
11 0.778564453125 0.37094155844155846 0.09912109375 0.19318181818181818
11 0.769775390625 0.5405844155844156 0.095703125 0.19480519480519481
11 0.60791015625 0.43262987012987014 0.080078125 0.16558441558441558
12 0.619140625 0.25487012987012986 0.0634765625 0.11201298701298701
11 0.240234375 0.560064935064935 0.09765625 0.19318181818181818