10 0.8662109375 0.7126623376623377 0.078125 0.20941558441558442
0 0.22998046875 0.42613636363636365 0.09814453125 0.2824675324675325
1 0.569091796875 0.8051948051948052 0.099609375 0.1331168831168831
17 0.5654296875 0.4926948051948052 0.10888671875 0.1396103896103896
16 0.8623046875 0.4772727272727273 0.05126953125 0.16071428571428573
16 0.857421875 0.24918831168831168 0.0556640625 0.17045454545454544
16 0.93310546875 0.23863636363636365 0.04931640625 0.1672077922077922
16 0.9365234375 0.4675324675324675 0.0576171875 0.16396103896103897
16 0.939208984375 0.6858766233766234 0.0556640625 0.17532467532467533
11 0.749267578125 0.42045454545454547 0.0908203125 0.13474025974025974
11 0.753173828125 0.5909090909090909 0.0888671875 0.1331168831168831
11 0.755859375 0.7646103896103896 0.09228515625 0.12987012987012986
11 0.2373046875 0.8327922077922078 0.09423828125 0.14772727272727273
11 0.234375 0.6607142857142857 0.0908203125 0.15097402597402598
11 0.3994140625 0.6444805194805194 0.07568359375 0.12824675324675325
12 0.400390625 0.8262987012987013 0.06103515625 0.08116883116883117
11 0.7490234375 0.24512987012987014 0.0927734375 0.14772727272727273