11 0.19939271255060728 0.16220735785953178 0.10020242914979757 0.20735785953177258
11 0.21204453441295545 0.046822742474916385 0.10020242914979757 0.09364548494983277
11 0.39220647773279355 0.3093645484949833 0.10728744939271255 0.21739130434782608
11 0.40789473684210525 0.1488294314381271 0.09412955465587045 0.19063545150501673
0 0.1882591093117409 0.391304347826087 0.10526315789473684 0.31438127090301005
1 0.5217611336032388 0.2157190635451505 0.10020242914979757 0.18729096989966554
11 0.8598178137651822 0.9247491638795987 0.09615384615384616 0.14381270903010032
11 0.8739878542510121 0.7892976588628763 0.09817813765182186 0.20066889632107024
14 0.7034412955465587 0.3779264214046823 0.1680161943319838 0.2809364548494983
16 0.06629554655870445 0.3963210702341137 0.058704453441295545 0.18394648829431437
16 0.08046558704453441 0.17391304347826086 0.05465587044534413 0.1705685618729097
16 0.09615384615384616 0.030100334448160536 0.06680161943319839 0.06020066889632107
4 0.8876518218623481 0.5652173913043478 0.07489878542510121 0.22408026755852842