11 0.18319838056680163 0.4498327759197324 0.0951417004048583 0.15719063545150502
11 0.18016194331983806 0.27424749163879597 0.09412955465587045 0.15384615384615385
11 0.3805668016194332 0.41471571906354515 0.10222672064777327 0.16387959866220736
11 0.38208502024291496 0.24581939799331104 0.08906882591093117 0.14381270903010032
0 0.19129554655870445 0.6789297658862876 0.09412955465587045 0.2709030100334448
1 0.4974696356275304 0.20735785953177258 0.09615384615384616 0.13712374581939799
11 0.8830971659919028 0.6070234113712375 0.09008097165991903 0.1505016722408027
11 0.8836032388663968 0.43645484949832775 0.0931174089068826 0.15384615384615385
14 0.6852226720647774 0.19732441471571907 0.16295546558704455 0.1939799331103679
16 0.07439271255060728 0.794314381270903 0.05161943319838057 0.1605351170568562
16 0.06933198380566802 0.5702341137123745 0.048582995951417005 0.14715719063545152
16 0.06680161943319839 0.3528428093645485 0.058704453441295545 0.16387959866220736
4 0.8780364372469636 0.21070234113712374 0.06680161943319839 0.19063545150501673