4 0.6653225806451613 0.6049562682215743 0.06720430107526881 0.19825072886297376
4 0.6706989247311828 0.30174927113702626 0.06451612903225806 0.19533527696793002
10 0.17338709677419356 0.1836734693877551 0.07347670250896057 0.19533527696793002
16 0.09901433691756273 0.1880466472303207 0.05465949820788531 0.16034985422740525
16 0.0967741935483871 0.40816326530612246 0.056451612903225805 0.16326530612244897
16 0.16980286738351255 0.4198250728862974 0.05555555555555555 0.16034985422740525
16 0.16532258064516128 0.6399416909620991 0.05465949820788531 0.16034985422740525
16 0.09363799283154121 0.6282798833819242 0.05197132616487455 0.16034985422740525
0 0.2800179211469534 0.5612244897959183 0.10215053763440861 0.26239067055393583
0 0.41397849462365593 0.5991253644314869 0.09946236559139784 0.27696793002915454
11 0.5452508960573477 0.7419825072886297 0.09767025089605735 0.16034985422740525
11 0.5497311827956989 0.5699708454810496 0.0913978494623656 0.16034985422740525
11 0.5524193548387096 0.4008746355685131 0.09587813620071685 0.15451895043731778
11 0.556899641577061 0.22886297376093295 0.0985663082437276 0.15743440233236153
11 0.4224910394265233 0.19533527696793002 0.10125448028673835 0.16326530612244897
11 0.42025089605734767 0.36588921282798836 0.0985663082437276 0.15451895043731778
11 0.2849462365591398 0.33819241982507287 0.0967741935483871 0.1457725947521866
12 0.2867383512544803 0.15743440233236153 0.06541218637992832 0.09329446064139942