4 0.6626344086021505 0.641399416909621 0.07078853046594982 0.2099125364431487
4 0.6747311827956989 0.34110787172011664 0.06810035842293907 0.20699708454810495
10 0.18100358422939067 0.10932944606413994 0.07706093189964158 0.2099125364431487
16 0.10663082437275985 0.09766763848396501 0.05824372759856631 0.17201166180758018
16 0.09991039426523297 0.3163265306122449 0.06003584229390681 0.1749271137026239
16 0.1724910394265233 0.3454810495626822 0.05913978494623656 0.17201166180758018
16 0.1635304659498208 0.5641399416909622 0.05824372759856631 0.17201166180758018
16 0.09184587813620072 0.5349854227405247 0.05555555555555555 0.16909620991253643
0 0.27912186379928317 0.5102040816326531 0.10663082437275985 0.282798833819242
0 0.4121863799283154 0.5787172011661808 0.1039426523297491 0.29737609329446063
11 0.5398745519713262 0.7521865889212828 0.1003584229390681 0.18075801749271136
11 0.5479390681003584 0.5801749271137027 0.09408602150537634 0.17784256559766765
11 0.5542114695340502 0.41253644314868804 0.09767025089605735 0.1749271137026239
11 0.5627240143369175 0.2434402332361516 0.1003584229390681 0.17784256559766765
11 0.4292114695340502 0.1793002915451895 0.1039426523297491 0.1836734693877551
11 0.42338709677419356 0.34839650145772594 0.1003584229390681 0.1749271137026239
11 0.2885304659498208 0.29008746355685133 0.0985663082437276 0.1661807580174927
12 0.2948028673835125 0.11078717201166181 0.06630824372759857 0.10787172011661808