1 0.5018982536066818 0.62 0.10022779043280182 0.2475
1 0.3659832953682612 0.57625 0.09946848899012908 0.2525
11 0.24791192103264997 0.64375 0.09567198177676538 0.155
11 0.2513287775246773 0.47 0.08807896735003796 0.165
11 0.25588458618071375 0.3075 0.09111617312072894 0.155
11 0.2619589977220957 0.13 0.09035687167805619 0.165
11 0.37281700835231585 0.33625 0.09643128321943811 0.16
11 0.5113895216400911 0.38875 0.09187547456340167 0.1625
11 0.6457858769931663 0.53875 0.09415337889141989 0.1275
11 0.6404707668944571 0.7125 0.08807896735003796 0.14
17 0.6518602885345482 0.25625 0.11693242217160213 0.1625
12 0.5159453302961275 0.2025 0.06681852695520121 0.1025
12 0.3788914198936978 0.16125 0.06605922551252848 0.1075
10 0.1624905087319666 0.2075 0.05998481397114654 0.225
16 0.14123006833712984 0.40125 0.04555808656036447 0.1275
16 0.13439635535307518 0.62 0.04555808656036447 0.135
16 0.061123766135155654 0.60125 0.04328018223234624 0.13
16 0.06757782839787396 0.38 0.04555808656036447 0.13
16 0.07403189066059225 0.155 0.04328018223234624 0.135