16 0.3018867924528302 0.6174496644295302 0.03207547169811321 0.05704697986577181
16 0.2966981132075472 0.677013422818792 0.03207547169811321 0.06375838926174497
16 0.29339622641509433 0.7348993288590604 0.0330188679245283 0.053691275167785234
15 0.3721698113207547 0.7567114093959731 0.06037735849056604 0.0738255033557047
3 0.3745283018867924 0.6543624161073825 0.062264150943396226 0.08221476510067115
17 0.4514150943396226 0.7944630872483222 0.06320754716981132 0.0587248322147651
1 0.5216981132075472 0.8087248322147651 0.05377358490566038 0.053691275167785234
11 0.5834905660377359 0.7743288590604027 0.0509433962264151 0.04865771812080537
11 0.5811320754716981 0.8246644295302014 0.048113207547169815 0.04697986577181208
11 0.6382075471698113 0.834731543624161 0.04716981132075472 0.04697986577181208
11 0.6443396226415095 0.7885906040268457 0.04905660377358491 0.053691275167785234
0 0.6476415094339623 0.7298657718120806 0.052830188679245285 0.08557046979865772