16 0.6089622641509433 0.8162751677852349 0.031132075471698113 0.05536912751677853
16 0.6429245283018868 0.8120805369127517 0.033962264150943396 0.05536912751677853
16 0.675 0.8053691275167785 0.029245283018867925 0.05536912751677853
15 0.6693396226415095 0.6635906040268457 0.038679245283018866 0.10570469798657718
3 0.6127358490566037 0.6828859060402684 0.04339622641509434 0.10738255033557047
17 0.6721698113207547 0.5176174496644296 0.029245283018867925 0.11073825503355705
1 0.6641509433962264 0.3926174496644295 0.02830188679245283 0.09395973154362416
11 0.6316037735849057 0.2936241610738255 0.024528301886792454 0.08892617449664429
11 0.659433962264151 0.28691275167785235 0.024528301886792454 0.08389261744966443
11 0.6518867924528302 0.18456375838926176 0.024528301886792454 0.08221476510067115
11 0.6254716981132076 0.18456375838926176 0.027358490566037737 0.08557046979865772
0 0.5929245283018868 0.19211409395973153 0.045283018867924525 0.09060402684563758