16 0.4070754716981132 0.16778523489932887 0.02830188679245283 0.050335570469798654
16 0.3731132075471698 0.1669463087248322 0.03207547169811321 0.050335570469798654
16 0.34056603773584904 0.1686241610738255 0.026415094339622643 0.05201342281879195
15 0.3391509433962264 0.3104026845637584 0.033962264150943396 0.10067114093959731
3 0.39669811320754716 0.30033557046979864 0.038679245283018866 0.10234899328859061
17 0.3292452830188679 0.45553691275167785 0.024528301886792454 0.10738255033557047
1 0.3311320754716981 0.5813758389261745 0.02358490566037736 0.09060402684563758
11 0.3589622641509434 0.6854026845637584 0.020754716981132074 0.08557046979865772
11 0.3306603773584906 0.6879194630872483 0.020754716981132074 0.08053691275167785
11 0.3330188679245283 0.790268456375839 0.020754716981132074 0.07885906040268456
11 0.3594339622641509 0.7944630872483222 0.02358490566037736 0.08221476510067115
0 0.39245283018867927 0.7919463087248322 0.04150943396226415 0.08389261744966443