16 0.220625 0.9020134228187919 0.0475 0.04832214765100671
16 0.218125 0.9550335570469799 0.05 0.0348993288590604
16 0.15375 0.9489932885906041 0.04625 0.032214765100671144
16 0.159375 0.8939597315436242 0.04875 0.05100671140939597
16 0.164375 0.8315436241610739 0.05 0.052348993288590606
10 0.22875 0.8342281879194631 0.07125 0.06577181208053691
0 0.3225 0.9496644295302014 0.1025 0.0738255033557047
1 0.646875 0.8664429530201342 0.08375 0.04429530201342282
11 0.875625 0.9765100671140939 0.07875 0.04429530201342282
11 0.534375 0.9040268456375838 0.08375 0.05100671140939597
11 0.54 0.8570469798657718 0.0775 0.049664429530201344
11 0.441875 0.8429530201342282 0.07375 0.042953020134228186
11 0.4375 0.8953020134228188 0.07625 0.05100671140939597
11 0.33125 0.8865771812080537 0.08625 0.052348993288590606
12 0.33375 0.8328859060402685 0.06125 0.032214765100671144
17 0.765 0.8825503355704698 0.10125 0.049664429530201344
4 0.87875 0.9134228187919463 0.0625 0.06442953020134229