16 0.874375 0.8 0.045 0.05100671140939597
16 0.930625 0.8040268456375839 0.0475 0.053691275167785234
16 0.926875 0.87248322147651 0.045 0.049664429530201344
16 0.866875 0.8657718120805369 0.0475 0.052348993288590606
16 0.80875 0.8604026845637583 0.04875 0.053691275167785234
10 0.81125 0.7912751677852349 0.06125 0.07651006711409396
0 0.9225 0.6912751677852349 0.07625 0.11006711409395974
1 0.84125 0.3422818791946309 0.04125 0.08993288590604027
11 0.944375 0.09664429530201342 0.0425 0.08322147651006712
11 0.983125 0.10536912751677853 0.03125 0.09261744966442953
11 0.87625 0.46308724832214765 0.0475 0.08993288590604027
11 0.8325 0.4570469798657718 0.04625 0.08322147651006712
11 0.819375 0.5624161073825503 0.04 0.07919463087248323
11 0.868125 0.5671140939597316 0.0475 0.08187919463087248
11 0.86 0.6812080536912751 0.04875 0.09261744966442953
12 0.81 0.6785234899328859 0.03 0.06577181208053691
17 0.85625 0.21543624161073827 0.04625 0.1087248322147651
4 0.885 0.09328859060402685 0.06 0.06711409395973154