16 0.941875 0.6610738255033557 0.05 0.05503355704697987
16 0.985 0.6456375838926175 0.0275 0.05906040268456376
16 0.99375 0.7134228187919464 0.01 0.05503355704697987
16 0.954375 0.7261744966442953 0.05125 0.056375838926174496
16 0.896875 0.7402684563758389 0.0525 0.05771812080536913
10 0.88 0.6738255033557047 0.0675 0.08187919463087248
0 0.956875 0.5416107382550336 0.085 0.11543624161073826
1 0.77875 0.23691275167785236 0.04875 0.09261744966442953
11 0.8475 0.3395973154362416 0.055 0.09261744966442953
11 0.80375 0.348993288590604 0.05375 0.08590604026845637
11 0.821875 0.45302013422818793 0.04625 0.08187919463087248
11 0.869375 0.44161073825503355 0.05375 0.08456375838926175
11 0.894375 0.5523489932885906 0.05625 0.0953020134228188
12 0.84625 0.5671140939597316 0.035 0.06711409395973154
17 0.7575 0.11140939597315436 0.05625 0.11006711409395974
4 0.749375 0.011409395973154362 0.06625 0.022818791946308724