4 0.833125 0.03728070175438596 0.05125 0.059941520467836254
16 0.8675 0.8581871345029239 0.045 0.05263157894736842
16 0.921875 0.8516081871345029 0.03875 0.05116959064327485
16 0.975 0.8494152046783626 0.04375 0.04824561403508772
11 0.849375 0.7507309941520468 0.03875 0.09064327485380116
11 0.845 0.6461988304093568 0.03375 0.08771929824561403
11 0.885625 0.6440058479532164 0.03875 0.08771929824561403
11 0.89375 0.7456140350877193 0.03875 0.0847953216374269
0 0.951875 0.7463450292397661 0.06375 0.09649122807017543
15 0.845625 0.4232456140350877 0.05375 0.10818713450292397
11 0.885 0.038011695906432746 0.04 0.07602339181286549
11 0.92875 0.03728070175438596 0.04 0.07456140350877193
14 0.830625 0.2010233918128655 0.0575 0.1564327485380117