4 0.203125 0.9802631578947368 0.05625 0.03654970760233918
16 0.106875 0.18055555555555555 0.0475 0.05555555555555555
16 0.05375 0.1922514619883041 0.04125 0.05555555555555555
16 0.0125 0.20029239766081872 0.025 0.05263157894736842
11 0.133125 0.2858187134502924 0.045 0.0935672514619883
11 0.145 0.3896198830409357 0.04 0.09064327485380116
11 0.105 0.3961988304093567 0.045 0.09064327485380116
11 0.089375 0.2953216374269006 0.045 0.08771929824561403
0 0.03375 0.3019005847953216 0.0675 0.10380116959064327
15 0.16125 0.6118421052631579 0.06125 0.11257309941520467
11 0.151875 0.97953216374269 0.04625 0.038011695906432746
11 0.108125 0.9824561403508771 0.04625 0.03216374269005848
14 0.1925 0.8318713450292398 0.06875 0.1608187134502924