4 0.10952902519167579 0.8998579545454546 0.04819277108433735 0.05823863636363636
11 0.06078860898138007 0.8984375 0.03943044906900329 0.09090909090909091
11 0.02135815991237678 0.8948863636363636 0.03943044906900329 0.08806818181818182
1 0.1456736035049288 0.6548295454545454 0.03943044906900329 0.10227272727272728
12 0.1664841182913472 0.3053977272727273 0.025191675794085433 0.06392045454545454
11 0.14786418400876233 0.5255681818181818 0.03614457831325301 0.09232954545454546
11 0.10679079956188389 0.5234375 0.0416210295728368 0.08664772727272728
11 0.11774370208105148 0.4147727272727273 0.03504928806133625 0.08664772727272728
11 0.1248630887185104 0.30042613636363635 0.040525739320920046 0.09090909090909091
0 0.07338444687842278 0.2961647727272727 0.0700985761226725 0.09943181818181818
10 0.1615553121577218 0.18394886363636365 0.05257393209200438 0.06960227272727272
16 0.10952902519167579 0.1768465909090909 0.040525739320920046 0.052556818181818184
16 0.05585980284775466 0.17329545454545456 0.04271631982475356 0.05397727272727273
16 0.061883899233296825 0.10085227272727272 0.040525739320920046 0.05397727272727273
16 0.11336254107338445 0.10227272727272728 0.03943044906900329 0.061079545454545456
16 0.16046002190580505 0.11079545454545454 0.047097480832420595 0.05397727272727273
17 0.13417305585980285 0.7933238636363636 0.03943044906900329 0.109375
11 0.156078860898138 0.4190340909090909 0.038335158817086525 0.09232954545454546