4 0.8849945235487404 0.09161931818181818 0.04819277108433735 0.05823863636363636
11 0.9337349397590361 0.09161931818181818 0.038335158817086525 0.09090909090909091
11 0.9731653888280394 0.09446022727272728 0.038335158817086525 0.08806818181818182
1 0.8526834611171961 0.3366477272727273 0.038335158817086525 0.10227272727272728
12 0.8362541073384447 0.6867897727272727 0.024096385542168676 0.06392045454545454
11 0.8515881708652793 0.4666193181818182 0.03504928806133625 0.09232954545454546
11 0.8926615553121577 0.4680397727272727 0.040525739320920046 0.08522727272727272
11 0.8833515881708652 0.5767045454545454 0.033953997809419496 0.08664772727272728
11 0.8778751369112815 0.6910511363636364 0.03943044906900329 0.08948863636363637
0 0.9293537787513692 0.6938920454545454 0.06900328587075576 0.09801136363636363
10 0.8422782037239869 0.8082386363636364 0.05147864184008762 0.06818181818181818
16 0.8948521358159912 0.8139204545454546 0.03943044906900329 0.05113636363636364
16 0.9485213581599123 0.8167613636363636 0.0416210295728368 0.052556818181818184
16 0.943592552026287 0.8892045454545454 0.03943044906900329 0.052556818181818184
16 0.8921139101861993 0.8884943181818182 0.03943044906900329 0.05965909090909091
16 0.8444687842278203 0.8813920454545454 0.04600219058050383 0.05397727272727273
17 0.8614457831325302 0.1981534090909091 0.038335158817086525 0.109375
11 0.8450164293537787 0.5731534090909091 0.03723986856516977 0.09232954545454546