4 0.8525 0.021923620933521924 0.045 0.04384724186704385
4 0.91125 0.02050919377652051 0.045 0.04101838755304102
14 0.85375 0.144978783592645 0.045 0.12588401697312587
15 0.934375 0.1379066478076379 0.04 0.09052333804809053
12 0.855 0.28076379066478074 0.02 0.05091937765205092
1 0.86 0.384016973125884 0.0275 0.07072135785007072
11 0.86875 0.4794908062234795 0.03125 0.06647807637906648
11 0.904375 0.4752475247524752 0.0275 0.06223479490806223
11 0.91125 0.5735502121640735 0.03125 0.07072135785007072
11 0.876875 0.5777934936350778 0.02875 0.06789250353606789
0 0.955 0.5728429985855729 0.05875 0.07920792079207921
16 0.97875 0.652050919377652 0.0325 0.04384724186704385
16 0.93625 0.6541725601131542 0.0375 0.039603960396039604
16 0.89 0.6577086280056577 0.035 0.04101838755304102