4 0.95 0.8635077793493635 0.0475 0.05233380480905234
4 0.9575 0.9193776520509194 0.05 0.0297029702970297
14 0.8375 0.8748231966053748 0.1125 0.0594059405940594
12 0.718125 0.8854314002828855 0.04625 0.026874115983026876
1 0.626875 0.8981612446958982 0.06375 0.036775106082036775
11 0.54375 0.9151343705799151 0.06125 0.039603960396039604
11 0.55 0.9547383309759547 0.05625 0.03536067892503536
11 0.46375 0.9695898161244696 0.065 0.04101838755304102
11 0.4575 0.9306930693069307 0.06125 0.036775106082036775
0 0.465625 0.9908062234794908 0.07125 0.015558698727015558
16 0.395625 0.9893917963224894 0.03875 0.018387553041018388
16 0.388125 0.9512022630834512 0.0375 0.042432814710042434