4 0.89375 0.9384724186704385 0.04375 0.04809052333804809
4 0.894375 0.9908062234794908 0.04875 0.015558698727015558
14 0.78125 0.92998585572843 0.11 0.04526166902404526
12 0.6625 0.9193776520509194 0.04375 0.021216407355021217
1 0.570625 0.9158415841584159 0.06125 0.028288543140028287
11 0.48625 0.917963224893918 0.0575 0.03253182461103253
11 0.486875 0.9582743988684582 0.05375 0.028288543140028287
11 0.399375 0.9568599717114569 0.06125 0.03253182461103253
11 0.39875 0.917963224893918 0.05875 0.0297029702970297
0 0.39625 0.9858557284299858 0.0675 0.02263083451202263
16 0.326875 0.9766619519094767 0.03375 0.036775106082036775
16 0.326875 0.9257425742574258 0.03375 0.036775106082036775