16 0.09625 0.15286624203821655 0.05 0.05732484076433121
16 0.15125 0.1643312101910828 0.05 0.0535031847133758
16 0.210625 0.17388535031847133 0.04625 0.0535031847133758
4 0.089375 0.8713375796178344 0.065 0.07006369426751592
4 0.020625 0.859235668789809 0.04125 0.06751592356687898
11 0.143125 0.6643312101910828 0.05 0.08152866242038216
11 0.095 0.6528662420382165 0.0525 0.08789808917197452
11 0.13875 0.41146496815286626 0.04875 0.07898089171974522
11 0.188125 0.41847133757961785 0.05375 0.0929936305732484
11 0.20375 0.2987261146496815 0.05 0.08789808917197452
11 0.16125 0.2872611464968153 0.055 0.09044585987261146
1 0.169375 0.5420382165605095 0.0475 0.09171974522292993
0 0.101875 0.27388535031847133 0.0825 0.10318471337579618