16 0.9475 0.7866242038216561 0.04375 0.05222929936305733
16 0.89125 0.7828025477707007 0.04375 0.048407643312101914
16 0.83125 0.7821656050955414 0.04 0.048407643312101914
4 0.85625 0.07388535031847134 0.0575 0.06369426751592357
4 0.939375 0.0751592356687898 0.06 0.05987261146496815
11 0.83125 0.28662420382165604 0.04 0.07770700636942675
11 0.88 0.2910828025477707 0.04125 0.0840764331210191
11 0.869375 0.5369426751592357 0.03875 0.0751592356687898
11 0.82 0.5363057324840764 0.0425 0.08789808917197452
11 0.82125 0.6573248407643312 0.03875 0.0840764331210191
11 0.864375 0.6630573248407643 0.04375 0.08535031847133757
1 0.82125 0.41146496815286626 0.03625 0.08789808917197452
0 0.925 0.6675159235668789 0.07125 0.09554140127388536