16 0.989375 0.6509554140127388 0.01875 0.061146496815286625
16 0.9525 0.6617834394904458 0.0525 0.05605095541401274
16 0.894375 0.678343949044586 0.04875 0.05477707006369427
4 0.726875 0.014012738853503185 0.06875 0.02802547770700637
11 0.760625 0.20191082802547772 0.055 0.08280254777070063
11 0.80875 0.19235668789808918 0.0575 0.09044585987261146
11 0.865 0.43121019108280256 0.0525 0.08025477707006369
11 0.8175 0.4445859872611465 0.06 0.09426751592356689
11 0.85125 0.5611464968152866 0.055 0.08917197452229299
11 0.894375 0.554140127388535 0.06 0.09171974522292993
1 0.785 0.3248407643312102 0.05375 0.0929936305732484
0 0.95375 0.5414012738853503 0.0875 0.1070063694267516