4 0.12336892052194544 0.9075 0.05931198102016608 0.0675
16 0.18327402135231316 0.216875 0.046263345195729534 0.055
16 0.1239620403321471 0.213125 0.04744958481613286 0.05375
16 0.06524317912218268 0.20875 0.046263345195729534 0.05375
16 0.06880189798339265 0.138125 0.04744958481613286 0.0525
16 0.12870699881376038 0.143125 0.04744958481613286 0.05625
16 0.1874258600237248 0.14875 0.04863582443653618 0.05125
14 0.14768683274021352 0.746875 0.06287069988137604 0.145
1 0.17259786476868327 0.574375 0.042704626334519574 0.09125
0 0.08362989323843416 0.3125 0.07236061684460261 0.0975
11 0.18801897983392646 0.32125 0.04744958481613286 0.08875
11 0.1435349940688019 0.318125 0.04389086595492289 0.085
11 0.042111506524317915 0.43875 0.036773428232502965 0.08
11 0.08540925266903915 0.443125 0.04389086595492289 0.08125
11 0.132858837485172 0.448125 0.042704626334519574 0.08125
11 0.17793594306049823 0.45125 0.04151838671411625 0.085
11 0.066429418742586 0.899375 0.042704626334519574 0.09
11 0.019572953736654804 0.899375 0.03914590747330961 0.08375