4 0.2615658362989324 0.98625 0.06761565836298933 0.025
16 0.1162514827995255 0.33375 0.05219454329774614 0.06
16 0.05812574139976275 0.349375 0.05338078291814947 0.05875
16 0.014234875444839857 0.365 0.028469750889679714 0.06
16 0.005338078291814947 0.296875 0.010676156583629894 0.05875
16 0.042704626334519574 0.281875 0.05338078291814947 0.06125
16 0.099644128113879 0.2675 0.054567022538552785 0.0575
14 0.2372479240806643 0.849375 0.07947805456702253 0.15
1 0.21055753262158955 0.6775 0.05338078291814947 0.095
0 0.04863582443653618 0.456875 0.0830367734282325 0.105
11 0.1506524317912218 0.431875 0.05693950177935943 0.0925
11 0.1073546856465006 0.4425 0.05338078291814947 0.08875
11 0.046263345195729534 0.59125 0.046263345195729534 0.0825
11 0.08896797153024912 0.580625 0.05338078291814947 0.085
11 0.13523131672597866 0.57 0.05219454329774614 0.085
11 0.17912218268090155 0.55875 0.051008303677342826 0.08875
11 0.20521945432977462 0.98625 0.054567022538552785 0.025