11 0.8132102272727273 0.9519094766619519 0.06534090909090909 0.042432814710042434
11 0.8203125 0.9222065063649222 0.06392045454545454 0.03818953323903819
11 0.5561079545454546 0.9080622347949081 0.06818181818181818 0.042432814710042434
11 0.4659090909090909 0.8939179632248939 0.06534090909090909 0.03536067892503536
11 0.4737215909090909 0.8585572842998586 0.06960227272727272 0.04101838755304102
1 0.7272727272727273 0.9016973125884017 0.07528409090909091 0.04101838755304102
0 0.4580965909090909 0.9363507779349364 0.07102272727272728 0.06506364922206506
10 0.38707386363636365 0.8507779349363508 0.052556818181818184 0.04950495049504951
16 0.3778409090909091 0.8974540311173974 0.04403409090909091 0.04101838755304102
16 0.37073863636363635 0.9405940594059405 0.04261363636363636 0.042432814710042434
16 0.3252840909090909 0.9342291371994342 0.04261363636363636 0.04384724186704385
16 0.33238636363636365 0.8882602545968883 0.04403409090909091 0.04384724186704385
16 0.33948863636363635 0.8458274398868458 0.04403409090909091 0.03818953323903819
12 0.5575284090909091 0.8705799151343706 0.05397727272727273 0.028288543140028287
17 0.6427556818181818 0.8868458274398868 0.08380681818181818 0.04384724186704385
4 0.8011363636363636 0.9872701555869873 0.05113636363636364 0.02263083451202263