11 0.8586647727272727 0.9172560113154172 0.0625 0.036775106082036775
11 0.8629261363636364 0.8868458274398868 0.061079545454545456 0.03253182461103253
11 0.5987215909090909 0.9002828854314003 0.06534090909090909 0.036775106082036775
11 0.5071022727272727 0.8953323903818954 0.06392045454545454 0.0297029702970297
11 0.5120738636363636 0.8592644978783592 0.06676136363636363 0.033946251768033946
1 0.7684659090909091 0.8762376237623762 0.07244318181818182 0.033946251768033946
0 0.5042613636363636 0.9384724186704385 0.06676136363636363 0.0594059405940594
10 0.4247159090909091 0.8606789250353607 0.048295454545454544 0.04526166902404526
16 0.42045454545454547 0.9080622347949081 0.041193181818181816 0.03818953323903819
16 0.41761363636363635 0.9512022630834512 0.03977272727272727 0.039603960396039604
16 0.37144886363636365 0.9497878359264498 0.03977272727272727 0.04101838755304102
16 0.3742897727272727 0.9038189533239038 0.041193181818181816 0.04101838755304102
16 0.37642045454545453 0.8606789250353607 0.041193181818181816 0.03536067892503536
12 0.5965909090909091 0.8628005657708628 0.052556818181818184 0.02263083451202263
17 0.6825284090909091 0.8698727015558698 0.08096590909090909 0.036775106082036775
4 0.8508522727272727 0.963932107496464 0.046875 0.039603960396039604