11 0.9595170454545454 0.1966053748231966 0.04403409090909091 0.06647807637906648
11 0.9296875 0.18811881188118812 0.03977272727272727 0.06364922206506365
11 0.9112215909090909 0.4512022630834512 0.04403409090909091 0.06930693069306931
11 0.8948863636363636 0.541018387553041 0.036931818181818184 0.06647807637906648
11 0.8600852272727273 0.5325318246110325 0.041193181818181816 0.06930693069306931
1 0.9076704545454546 0.28076379066478074 0.04261363636363636 0.07496463932107496
0 0.9375 0.5495049504950495 0.06676136363636363 0.07213578500707214
10 0.8501420454545454 0.6181046676096181 0.05113636363636364 0.05233380480905234
16 0.8970170454545454 0.6287128712871287 0.04261363636363636 0.04384724186704385
16 0.9403409090909091 0.6364922206506365 0.04261363636363636 0.042432814710042434
16 0.9325284090909091 0.6817538896746818 0.04403409090909091 0.04384724186704385
16 0.8870738636363636 0.673974540311174 0.045454545454545456 0.04526166902404526
16 0.8444602272727273 0.6661951909476662 0.03977272727272727 0.04384724186704385
12 0.8728693181818182 0.4490806223479491 0.029829545454545456 0.05374823196605375
17 0.8913352272727273 0.3649222065063649 0.045454545454545456 0.08345120226308345
4 0.9907670454545454 0.20933521923620935 0.015625 0.05091937765205092