16 0.09625 0.21440129449838188 0.04125 0.05501618122977346
16 0.0475 0.21035598705501618 0.0375 0.04692556634304207
16 0.04875 0.13915857605177995 0.04 0.04692556634304207
16 0.09875 0.1448220064724919 0.0375 0.04854368932038835
16 0.14875 0.1464401294498382 0.0375 0.04854368932038835
4 0.0425 0.8576051779935275 0.05 0.06634304207119741
10 0.15 0.21925566343042072 0.0475 0.06957928802588997
11 0.133125 0.8681229773462783 0.03125 0.08414239482200647
11 0.09625 0.8632686084142395 0.03375 0.08737864077669903
11 0.108125 0.6076051779935275 0.0375 0.07928802588996764
11 0.145625 0.61084142394822 0.03625 0.08414239482200647
11 0.149375 0.4854368932038835 0.03375 0.08576051779935275
11 0.1125 0.4813915857605178 0.03375 0.0889967637540453
11 0.116875 0.35841423948220064 0.0325 0.08576051779935275
12 0.156875 0.35841423948220064 0.02625 0.06796116504854369
0 0.06 0.47815533980582525 0.0625 0.0970873786407767
1 0.14125 0.7346278317152104 0.0375 0.09546925566343042
17 0.070625 0.7346278317152104 0.0375 0.11326860841423948