16 0.9 0.7953074433656958 0.04125 0.05501618122977346
16 0.94875 0.8001618122977346 0.03875 0.04854368932038835
16 0.94625 0.8713592233009708 0.04125 0.04692556634304207
16 0.89625 0.8640776699029126 0.03875 0.05016181229773463
16 0.84625 0.8616504854368932 0.03875 0.05016181229773463
4 0.9625 0.1529126213592233 0.05125 0.06796116504854369
10 0.845625 0.7880258899676376 0.04875 0.06957928802588997
11 0.87125 0.13996763754045308 0.0325 0.08414239482200647
11 0.90875 0.1464401294498382 0.035 0.0889967637540453
11 0.893125 0.40129449838187703 0.03875 0.08090614886731391
11 0.855625 0.39724919093851135 0.03625 0.08576051779935275
11 0.85 0.5226537216828478 0.035 0.08737864077669903
11 0.886875 0.5275080906148867 0.035 0.09061488673139159
11 0.88125 0.6504854368932039 0.03375 0.08576051779935275
12 0.840625 0.6488673139158576 0.0275 0.06796116504854369
0 0.939375 0.5315533980582524 0.06375 0.09870550161812297
1 0.861875 0.27346278317152106 0.03875 0.0970873786407767
17 0.9325 0.2750809061488673 0.03875 0.11488673139158576