16 0.766875 0.03964401294498382 0.0375 0.04854368932038835
10 0.710625 0.042071197411003236 0.0525 0.059870550161812294
11 0.209375 0.03155339805825243 0.065 0.038834951456310676
11 0.211875 0.0040453074433656954 0.06875 0.008090614886731391
11 0.41 0.010517799352750809 0.0625 0.021035598705501618
11 0.40875 0.043689320388349516 0.065 0.045307443365695796
11 0.505625 0.04611650485436893 0.06625 0.042071197411003236
11 0.5075 0.011326860841423949 0.07 0.022653721682847898
11 0.6025 0.012944983818770227 0.06625 0.021035598705501618
12 0.603125 0.05339805825242718 0.0525 0.032362459546925564
1 0.3125 0.03964401294498382 0.07375 0.04692556634304207