11 0.7806451612903226 0.01 0.04129032258064516 0.02
11 0.8683870967741936 0.26 0.04258064516129032 0.06375
11 0.8374193548387097 0.266875 0.03870967741935484 0.0625
11 0.8535483870967742 0.369375 0.04 0.0625
11 0.8883870967741936 0.363125 0.03741935483870968 0.06125
0 0.9361290322580645 0.358125 0.06580645161290323 0.08125
1 0.7935483870967742 0.076875 0.03741935483870968 0.06375
17 0.8148387096774193 0.175 0.04258064516129032 0.0825
16 0.9316129032258065 0.465625 0.04258064516129032 0.045
16 0.9748387096774194 0.456875 0.03870967741935484 0.04
16 0.9812903225806452 0.503125 0.03483870967741935 0.04125
16 0.9406451612903226 0.5125 0.04387096774193548 0.04625
16 0.8961290322580645 0.52 0.04129032258064516 0.0425
10 0.8832258064516129 0.47375 0.04903225806451613 0.05375