11 0.14709677419354839 0.03125 0.06838709677419355 0.0425
11 0.15548387096774194 0.01 0.06580645161290323 0.02
11 0.43870967741935485 0.07375 0.06709677419354838 0.04375
11 0.4316129032258065 0.104375 0.06580645161290323 0.04
11 0.5335483870967742 0.135 0.06580645161290323 0.04125
11 0.5432258064516129 0.101875 0.06451612903225806 0.04
0 0.5593548387096774 0.058125 0.08645161290322581 0.06875
1 0.2361290322580645 0.05875 0.06709677419354838 0.04
17 0.3367741935483871 0.08375 0.08516129032258064 0.04625
16 0.6574193548387097 0.109375 0.04774193548387097 0.04375
16 0.6683870967741935 0.0675 0.04387096774193548 0.03875
16 0.7141935483870968 0.079375 0.04258064516129032 0.04125
16 0.7051612903225807 0.121875 0.04903225806451613 0.04375
16 0.692258064516129 0.16375 0.04516129032258064 0.0425
10 0.6438709677419355 0.155 0.05806451612903226 0.05