11 0.012258064516129033 0.193125 0.024516129032258065 0.03625
11 0.00903225806451613 0.160625 0.01806451612903226 0.03375
11 0.2787096774193548 0.126875 0.06451612903225806 0.0375
11 0.2838709677419355 0.158125 0.06322580645161291 0.03375
11 0.3896774193548387 0.149375 0.06322580645161291 0.035
11 0.3864516129032258 0.115 0.06193548387096774 0.0325
0 0.38451612903225807 0.06875 0.08129032258064516 0.06
1 0.08451612903225807 0.186875 0.06451612903225806 0.0325
17 0.18774193548387097 0.173125 0.08387096774193549 0.03625
16 0.49483870967741933 0.080625 0.04387096774193548 0.04
16 0.4890322580645161 0.038125 0.04 0.035
16 0.5361290322580645 0.0325 0.03870967741935484 0.0375
16 0.5438709677419354 0.075 0.04516129032258064 0.04
16 0.5483870967741935 0.118125 0.04129032258064516 0.0375
10 0.4993548387096774 0.128125 0.05290322580645161 0.04375