4 0.92875 0.0989010989010989 0.045 0.06279434850863422
3 0.91375 0.21821036106750394 0.05 0.10047095761381476
5 0.975 0.30847723704866564 0.0475 0.19309262166405022
16 0.8725 0.7268445839874411 0.03375 0.05180533751962323
16 0.911875 0.7331240188383046 0.035 0.04395604395604396
16 0.951875 0.7401883830455259 0.035 0.04395604395604396
15 0.9 0.3814756671899529 0.0425 0.09105180533751962
11 0.9675 0.10282574568288853 0.0325 0.06750392464678179
11 0.99125 0.1075353218210361 0.015 0.06436420722135008
11 0.92625 0.5274725274725275 0.03125 0.06750392464678179
11 0.959375 0.5313971742543171 0.03 0.06907378335949764
11 0.90375 0.6389324960753532 0.03125 0.07221350078492936
11 0.87125 0.6350078492935636 0.02875 0.07221350078492936
0 0.941875 0.6444270015698587 0.0575 0.08948194662480377
1 0.879375 0.5227629513343799 0.0375 0.09105180533751962