4 0.893125 0.044740973312401885 0.04 0.058084772370486655
3 0.888125 0.16562009419152277 0.0425 0.09576138147566719
5 0.95875 0.24725274725274726 0.03625 0.18838304552590268
16 0.889375 0.6766091051805337 0.03 0.04866562009419152
16 0.92875 0.6781789638932496 0.03125 0.04081632653061224
16 0.969375 0.6797488226059655 0.03125 0.04081632653061224
15 0.888125 0.32967032967032966 0.035 0.08634222919937205
11 0.931875 0.04395604395604396 0.0275 0.06436420722135008
11 0.964375 0.04395604395604396 0.0275 0.059654631083202514
11 0.92625 0.4717425431711146 0.02625 0.06436420722135008
11 0.959375 0.47095761381475665 0.025 0.06593406593406594
11 0.913125 0.5847723704866562 0.02625 0.06907378335949764
11 0.880625 0.5855572998430141 0.02375 0.06907378335949764
0 0.95125 0.5855572998430141 0.05125 0.08320251177394035
1 0.879375 0.4725274725274725 0.03 0.08791208791208792