4 0.96 0.15698587127158556 0.04875 0.06750392464678179
3 0.935 0.2739403453689168 0.0575 0.10518053375196232
5 0.978125 0.37362637362637363 0.04125 0.1946624803767661
16 0.851875 0.7747252747252747 0.0375 0.054945054945054944
16 0.89 0.7864992150706437 0.0375 0.04866562009419152
16 0.929375 0.7982731554160125 0.0375 0.04866562009419152
15 0.908125 0.434850863422292 0.04875 0.09419152276295134
11 0.98875 0.1664050235478807 0.02 0.07221350078492936
11 0.921875 0.5839874411302983 0.03625 0.06907378335949764
11 0.954375 0.5918367346938775 0.035 0.0706436420722135
11 0.89 0.6907378335949764 0.0375 0.07378335949764521
11 0.858125 0.6828885400313972 0.035 0.07378335949764521
0 0.9275 0.7017268445839875 0.06375 0.09419152276295134
1 0.875625 0.5722135007849294 0.04375 0.09419152276295134