11 0.8095854922279793 0.12616201859229748 0.03756476683937824 0.0650730411686587
11 0.8419689119170984 0.11686586985391766 0.034974093264248704 0.05843293492695883
11 0.8523316062176166 0.19787516600265603 0.03626943005181347 0.06241699867197875
11 0.8180051813471503 0.2051792828685259 0.03626943005181347 0.0650730411686587
11 0.8316062176165803 0.28950863213811423 0.03756476683937824 0.06374501992031872
11 0.8633419689119171 0.2855245683930943 0.03626943005181347 0.0650730411686587
11 0.8782383419689119 0.3844621513944223 0.042746113989637305 0.0650730411686587
12 0.8419689119170984 0.3884462151394422 0.027202072538860103 0.05312084993359894
0 0.9119170984455959 0.2775564409030544 0.06088082901554404 0.07171314741035857
0 0.9242227979274611 0.3745019920318725 0.06735751295336788 0.07835325365205843
16 0.9177461139896373 0.5245683930942895 0.03756476683937824 0.0398406374501992
16 0.9617875647668394 0.5132802124833997 0.034974093264248704 0.03851261620185923
16 0.9689119170984456 0.5617529880478087 0.03626943005181347 0.0398406374501992
16 0.9235751295336787 0.5683930942895087 0.03756476683937824 0.0398406374501992
16 0.8795336787564767 0.5743691899070386 0.03756476683937824 0.0398406374501992
10 0.8717616580310881 0.5272244355909694 0.046632124352331605 0.05312084993359894
4 0.8937823834196891 0.11420982735723771 0.04404145077720207 0.04780876494023904