11 0.8283678756476683 0.14342629482071714 0.034974093264248704 0.06374501992031872
11 0.8607512953367875 0.13545816733067728 0.03238341968911917 0.057104913678618856
11 0.8672279792746114 0.21713147410358566 0.03367875647668394 0.06108897742363878
11 0.832901554404145 0.22310756972111553 0.03367875647668394 0.06374501992031872
11 0.8419689119170984 0.30743691899070386 0.034974093264248704 0.06241699867197875
11 0.8743523316062176 0.3054448871181939 0.03367875647668394 0.06374501992031872
11 0.8840673575129534 0.4050464807436919 0.04015544041450777 0.06374501992031872
12 0.8471502590673575 0.4070385126162019 0.02461139896373057 0.05179282868525897
0 0.9222797927461139 0.300132802124834 0.05829015544041451 0.06905710491367861
0 0.9300518134715026 0.397742363877822 0.06347150259067358 0.07569721115537849
16 0.9164507772020726 0.546480743691899 0.034974093264248704 0.03851261620185923
16 0.9604922279792746 0.5378486055776892 0.03367875647668394 0.03718459495351926
16 0.9650259067357513 0.5869853917662683 0.03367875647668394 0.03851261620185923
16 0.9190414507772021 0.5909694555112882 0.034974093264248704 0.03851261620185923
16 0.8756476683937824 0.5949535192563081 0.034974093264248704 0.03851261620185923
10 0.8698186528497409 0.547144754316069 0.04404145077720207 0.05179282868525897
4 0.9132124352331606 0.13545816733067728 0.042746113989637305 0.0451527224435591