11 0.22344559585492227 0.900398406374502 0.042746113989637305 0.06640106241699867
11 0.19170984455958548 0.9123505976095617 0.04015544041450777 0.05976095617529881
11 0.17487046632124353 0.8326693227091634 0.04015544041450777 0.06374501992031872
11 0.20854922279792745 0.8220451527224436 0.04145077720207254 0.06640106241699867
11 0.1878238341968912 0.7397078353253652 0.042746113989637305 0.0650730411686587
11 0.1560880829015544 0.7463479415670651 0.04145077720207254 0.06640106241699867
11 0.1327720207253886 0.648738379814077 0.04792746113989637 0.06772908366533864
12 0.16904145077720206 0.6414342629482072 0.031088082901554404 0.05444887118193891
0 0.10880829015544041 0.7583001328021248 0.06606217616580311 0.07569721115537849
0 0.08808290155440414 0.6626826029216467 0.07253886010362694 0.08233731739707835
16 0.08160621761658031 0.5132802124833997 0.038860103626943004 0.04249667994687915
16 0.038860103626943004 0.5278884462151394 0.03756476683937824 0.041168658698539175
16 0.027849740932642485 0.4800796812749004 0.03756476683937824 0.04249667994687915
16 0.07253886010362694 0.46945551128818064 0.038860103626943004 0.04249667994687915
16 0.11528497409326424 0.4594953519256308 0.038860103626943004 0.04249667994687915
10 0.12694300518134716 0.5059760956175299 0.04922279792746114 0.055776892430278883
4 0.1405440414507772 0.9196547144754316 0.046632124352331605 0.05046480743691899