10 0.3595833333333333 0.4762962962962963 0.023333333333333334 0.034074074074074076
16 0.3575 0.5348148148148149 0.019166666666666665 0.03111111111111111
16 0.3570833333333333 0.5044444444444445 0.02 0.025185185185185185
16 0.33166666666666667 0.534074074074074 0.021666666666666667 0.03259259259259259
16 0.3333333333333333 0.5044444444444445 0.019166666666666665 0.028148148148148148
16 0.33625 0.4748148148148148 0.02 0.025185185185185185
0 0.4325 0.5274074074074074 0.0325 0.04
2 0.65875 0.5585185185185185 0.050833333333333335 0.05333333333333334
11 0.39166666666666666 0.4955555555555556 0.03166666666666667 0.028148148148148148
11 0.39166666666666666 0.4748148148148148 0.028333333333333332 0.022222222222222223
11 0.43166666666666664 0.47333333333333333 0.03166666666666667 0.02074074074074074
11 0.43166666666666664 0.49333333333333335 0.029166666666666667 0.022222222222222223
11 0.5108333333333334 0.5022222222222222 0.029166666666666667 0.017777777777777778
11 0.5108333333333334 0.4777777777777778 0.03 0.022222222222222223
1 0.44125 0.6859259259259259 0.034166666666666665 0.034074074074074076
17 0.34958333333333336 0.6844444444444444 0.04666666666666667 0.03111111111111111
17 0.3954166666666667 0.6866666666666666 0.04083333333333333 0.03111111111111111
17 0.4866666666666667 0.6888888888888889 0.04083333333333333 0.02962962962962963