10 0.6408333333333334 0.5192592592592593 0.0225 0.03259259259259259
16 0.6420833333333333 0.46074074074074073 0.018333333333333333 0.02962962962962963
16 0.6429166666666667 0.4911111111111111 0.019166666666666665 0.023703703703703703
16 0.6679166666666667 0.46074074074074073 0.020833333333333332 0.03111111111111111
16 0.6666666666666666 0.49037037037037035 0.018333333333333333 0.02666666666666667
16 0.6641666666666667 0.52 0.019166666666666665 0.023703703703703703
0 0.5675 0.4703703703703704 0.03166666666666667 0.04
2 0.34041666666666665 0.44592592592592595 0.050833333333333335 0.05185185185185185
11 0.6083333333333333 0.5014814814814815 0.030833333333333334 0.028148148148148148
11 0.60875 0.5222222222222223 0.028333333333333332 0.022222222222222223
11 0.5683333333333334 0.5244444444444445 0.03166666666666667 0.02074074074074074
11 0.5683333333333334 0.5044444444444445 0.029166666666666667 0.022222222222222223
11 0.4891666666666667 0.4985185185185185 0.029166666666666667 0.017777777777777778
11 0.4891666666666667 0.522962962962963 0.03 0.022222222222222223
1 0.5566666666666666 0.3118518518518518 0.03333333333333333 0.034074074074074076
17 0.64875 0.3111111111111111 0.04583333333333333 0.02962962962962963
17 0.6029166666666667 0.30962962962962964 0.04 0.02962962962962963
17 0.51125 0.31037037037037035 0.04 0.028148148148148148