0 0.9271653543307087 0.3566666666666667 0.05249343832020997 0.068
0 0.9166666666666666 0.26466666666666666 0.05774278215223097 0.072
1 0.8280839895013123 0.184 0.03412073490813648 0.06666666666666667
11 0.818241469816273 0.09733333333333333 0.03674540682414698 0.05733333333333333
11 0.8497375328083989 0.09 0.03674540682414698 0.064
11 0.8405511811023622 0.2753333333333333 0.03280839895013123 0.064
11 0.8713910761154856 0.27 0.03543307086614173 0.06133333333333333
11 0.884514435695538 0.3586666666666667 0.03412073490813648 0.06133333333333333
12 0.8471128608923885 0.368 0.026246719160104987 0.052
17 0.8720472440944882 0.17666666666666667 0.03543307086614173 0.07733333333333334
16 0.9186351706036745 0.4886666666666667 0.03412073490813648 0.037333333333333336
16 0.9599737532808399 0.48133333333333334 0.04068241469816273 0.04133333333333333
16 0.9665354330708661 0.5293333333333333 0.03543307086614173 0.042666666666666665
16 0.9245406824146981 0.5326666666666666 0.03543307086614173 0.04133333333333333
16 0.8832020997375328 0.5393333333333333 0.03805774278215223 0.042666666666666665
4 0.8963254593175853 0.08733333333333333 0.047244094488188976 0.05333333333333334
10 0.8727034120734908 0.49333333333333335 0.04461942257217848 0.056