0 0.07545931758530183 0.6506666666666666 0.05380577427821522 0.068
0 0.08792650918635171 0.7426666666666667 0.05905511811023622 0.07333333333333333
1 0.17716535433070865 0.822 0.03412073490813648 0.06666666666666667
11 0.1889763779527559 0.908 0.03674540682414698 0.058666666666666666
11 0.15748031496062992 0.916 0.03805774278215223 0.06533333333333333
11 0.16338582677165353 0.7306666666666667 0.03412073490813648 0.064
11 0.1325459317585302 0.736 0.03674540682414698 0.06266666666666666
11 0.11811023622047244 0.648 0.03543307086614173 0.06133333333333333
12 0.15551181102362205 0.638 0.027559055118110236 0.052
17 0.1332020997375328 0.83 0.03674540682414698 0.07733333333333334
16 0.08202099737532809 0.5186666666666667 0.03412073490813648 0.037333333333333336
16 0.04068241469816273 0.5266666666666666 0.04199475065616798 0.042666666666666665
16 0.03346456692913386 0.47933333333333333 0.03674540682414698 0.042666666666666665
16 0.07545931758530183 0.47533333333333333 0.03674540682414698 0.04133333333333333
16 0.11614173228346457 0.4673333333333333 0.03937007874015748 0.042666666666666665
4 0.11089238845144357 0.92 0.048556430446194225 0.05333333333333334
10 0.1272965879265092 0.5133333333333333 0.04461942257217848 0.05733333333333333