0 0.30118110236220474 0.09066666666666667 0.07086614173228346 0.06133333333333333
0 0.2125984251968504 0.114 0.07611548556430446 0.06666666666666667
1 0.1463254593175853 0.214 0.06824146981627296 0.042666666666666665
11 0.0636482939632546 0.236 0.06036745406824147 0.044
11 0.05183727034120735 0.20533333333333334 0.06561679790026247 0.04533333333333334
11 0.2335958005249344 0.18866666666666668 0.06561679790026247 0.04133333333333333
11 0.22440944881889763 0.158 0.06299212598425197 0.044
11 0.3090551181102362 0.13333333333333333 0.06299212598425197 0.042666666666666665
12 0.3228346456692913 0.16933333333333334 0.05249343832020997 0.03333333333333333
17 0.1332020997375328 0.17066666666666666 0.07742782152230972 0.04533333333333334
16 0.4311023622047244 0.08066666666666666 0.03937007874015748 0.03866666666666667
16 0.4179790026246719 0.04 0.04461942257217848 0.04533333333333334
16 0.463254593175853 0.02666666666666667 0.04461942257217848 0.04133333333333333
16 0.47244094488188976 0.06866666666666667 0.04330708661417323 0.04
16 0.48556430446194226 0.10933333333333334 0.045931758530183726 0.044
4 0.04265091863517061 0.15866666666666668 0.05643044619422572 0.05333333333333334
10 0.4416010498687664 0.126 0.05905511811023622 0.050666666666666665