10 0.8682219419924337 0.54625 0.0416141235813367 0.04375
16 0.8713745271122321 0.596875 0.031525851197982346 0.04125
16 0.914249684741488 0.594375 0.034047919293820936 0.03375
16 0.9136191677175284 0.5525 0.031525851197982346 0.04
16 0.9564943253467844 0.55125 0.03026481715006305 0.0375
16 0.9583858764186634 0.59625 0.029003783102143757 0.0325
11 0.894703656998739 0.48 0.027742749054224466 0.05625
11 0.860655737704918 0.47875 0.03026481715006305 0.06125
11 0.8612862547288777 0.399375 0.03026481715006305 0.06125
11 0.860655737704918 0.330625 0.02648171500630517 0.0625
11 0.894703656998739 0.330625 0.025220680958385876 0.06
11 0.8940731399747793 0.398125 0.027742749054224466 0.06375
11 0.862547288776797 0.080625 0.031525851197982346 0.06375
11 0.8940731399747793 0.080625 0.025220680958385876 0.06125
1 0.8600252206809584 0.214375 0.02648171500630517 0.06375
17 0.9066834804539723 0.21125 0.03026481715006305 0.07625
0 0.9401008827238335 0.478125 0.05170239596469105 0.06625