10 0.8663303909205549 0.55875 0.04287515762925599 0.045
16 0.8675914249684742 0.609375 0.03278688524590164 0.0425
16 0.9104665825977302 0.60875 0.03530895334174023 0.035
16 0.9117276166456494 0.566875 0.03278688524590164 0.04125
16 0.9546027742749055 0.566875 0.031525851197982346 0.03875
16 0.9546027742749055 0.611875 0.03026481715006305 0.03375
11 0.8953341740226987 0.49375 0.03026481715006305 0.0575
11 0.8612862547288777 0.49125 0.03278688524590164 0.0625
11 0.8644388398486759 0.411875 0.03278688524590164 0.0625
11 0.8663303909205549 0.343125 0.029003783102143757 0.06375
11 0.9003783102143758 0.344375 0.027742749054224466 0.06125
11 0.8972257250945775 0.411875 0.03026481715006305 0.065
11 0.8770491803278688 0.093125 0.034047919293820936 0.065
11 0.9085750315258512 0.094375 0.027742749054224466 0.0625
1 0.8701134930643127 0.226875 0.029003783102143757 0.065
17 0.9167717528373266 0.225625 0.03278688524590164 0.0775
0 0.9407313997477932 0.493125 0.05422446406052964 0.0675