10 0.8600252206809584 0.590625 0.04665825977301387 0.04875
16 0.8568726355611601 0.64125 0.03656998738965952 0.045
16 0.8997477931904161 0.64375 0.03783102143757881 0.0375
16 0.9041614123581336 0.601875 0.03656998738965952 0.04375
16 0.9470365699873896 0.60625 0.034047919293820936 0.04125
16 0.9432534678436317 0.650625 0.03278688524590164 0.03625
11 0.8940731399747793 0.528125 0.034047919293820936 0.05875
11 0.860655737704918 0.5225 0.03783102143757881 0.065
11 0.8707440100882724 0.44375 0.03783102143757881 0.065
11 0.8789407313997478 0.375625 0.034047919293820936 0.065
11 0.912358133669609 0.379375 0.03278688524590164 0.0625
11 0.9035308953341741 0.44625 0.03530895334174023 0.06625
11 0.9110970996216898 0.1275 0.03909205548549811 0.0675
11 0.9426229508196722 0.13125 0.03278688524590164 0.06375
1 0.8921815889029003 0.26 0.034047919293820936 0.06625
17 0.9388398486759143 0.2625 0.03909205548549811 0.07875
0 0.9394703656998739 0.53125 0.05926860025220681 0.0725