0 0.0475 0.5285714285714286 0.06625 0.07701863354037267
1 0.178125 0.7211180124223603 0.04125 0.07453416149068323
11 0.1575 0.6416149068322982 0.0475 0.07329192546583851
11 0.1225 0.6503105590062112 0.04125 0.06832298136645963
11 0.095 0.5211180124223602 0.0425 0.06956521739130435
11 0.128125 0.5124223602484472 0.0425 0.06956521739130435
11 0.171875 0.9739130434782609 0.04375 0.049689440993788817
11 0.136875 0.9770186335403727 0.04375 0.043478260869565216
14 0.196875 0.8490683229813665 0.0675 0.11677018633540373
4 0.215 0.970807453416149 0.055 0.055900621118012424
16 0.100625 0.4360248447204969 0.03875 0.03975155279503106
16 0.0575 0.4440993788819876 0.04 0.040993788819875775
16 0.01625 0.4546583850931677 0.0325 0.04472049689440994