0 0.046875 0.4813664596273292 0.06 0.07204968944099378
1 0.15625 0.6863354037267081 0.035 0.07329192546583851
11 0.145 0.6049689440993788 0.04125 0.07204968944099378
11 0.10875 0.6099378881987577 0.035 0.06583850931677018
11 0.095 0.4795031055900621 0.03625 0.0670807453416149
11 0.12875 0.47391304347826085 0.03625 0.0670807453416149
11 0.121875 0.9472049689440993 0.03625 0.06583850931677018
11 0.08625 0.9509316770186336 0.03625 0.06832298136645963
14 0.161875 0.815527950310559 0.05625 0.11304347826086956
4 0.166875 0.9409937888198758 0.04875 0.0546583850931677
16 0.109375 0.3944099378881988 0.03625 0.037267080745341616
16 0.065625 0.3987577639751553 0.0375 0.03850931677018633
16 0.019375 0.40372670807453415 0.03875 0.0422360248447205