0 0.495 0.04906832298136646 0.075 0.06335403726708075
1 0.295 0.168944099378882 0.075 0.03850931677018633
11 0.375625 0.15279503105590062 0.07375 0.043478260869565216
11 0.36875 0.11739130434782609 0.0675 0.03850931677018633
11 0.499375 0.0968944099378882 0.06875 0.03975155279503106
11 0.506875 0.13043478260869565 0.06875 0.03975155279503106
11 0.0325 0.1484472049689441 0.065 0.040993788819875775
11 0.030625 0.11366459627329192 0.06125 0.040993788819875775
14 0.165 0.1813664596273292 0.11625 0.06086956521739131
4 0.04 0.19254658385093168 0.0575 0.05093167701863354
16 0.585625 0.10683229813664596 0.03875 0.037267080745341616
16 0.579375 0.06397515527950311 0.04 0.03850931677018633
16 0.571875 0.018633540372670808 0.04375 0.037267080745341616