0 0.9575 0.3739076154806492 0.0525 0.06991260923845194
1 0.86625 0.46192259675405745 0.03625 0.06991260923845194
11 0.93125 0.19600499375780275 0.035 0.06741573033707865
11 0.8975 0.19038701622971285 0.03125 0.05867665418227216
11 0.921875 0.27965043695380776 0.03625 0.0599250936329588
11 0.961875 0.20287141073657927 0.0325 0.0599250936329588
11 0.989375 0.2066167290886392 0.01875 0.06367041198501873
11 0.914375 0.36891385767790263 0.03375 0.062421972534332085
11 0.879375 0.36891385767790263 0.03375 0.05742821473158552
12 0.884375 0.27652933832709115 0.02875 0.046192259675405745
16 0.90625 0.5980024968789014 0.03625 0.04119850187265917
16 0.949375 0.6023720349563046 0.03625 0.03870162297128589
16 0.945625 0.6491885143570537 0.035 0.03745318352059925
16 0.9 0.6454431960049938 0.035 0.039950062421972535
16 0.861875 0.6404494382022472 0.035 0.03495630461922597
10 0.86375 0.5930087390761548 0.0425 0.05118601747815231
17 0.925 0.46504369538077406 0.0375 0.07740324594257178