0 0.2525 0.09550561797752809 0.0725 0.056179775280898875
1 0.3625 0.15917602996254682 0.07125 0.039950062421972535
11 0.08875 0.16978776529338327 0.06875 0.039950062421972535
11 0.0925 0.2034956304619226 0.06 0.03495630461922597
11 0.17125 0.1560549313358302 0.06125 0.039950062421972535
11 0.08625 0.13857677902621723 0.06125 0.03620474406991261
11 0.080625 0.10424469413233459 0.06375 0.03745318352059925
11 0.26 0.13857677902621723 0.06375 0.03745318352059925
11 0.269375 0.17166042446941324 0.05875 0.03745318352059925
12 0.179375 0.19288389513108614 0.0475 0.031210986267166042
16 0.4825 0.08302122347066167 0.0425 0.03870162297128589
16 0.475 0.04057428214731586 0.04 0.03745318352059925
16 0.520625 0.031210986267166042 0.04 0.03620474406991261
16 0.53 0.07553058676654183 0.0425 0.03745318352059925
16 0.535625 0.11423220973782772 0.0375 0.03620474406991261
10 0.489375 0.1254681647940075 0.05375 0.0449438202247191
17 0.349375 0.1017478152309613 0.07875 0.04244694132334582