0 0.245625 0.09987515605493133 0.0725 0.05742821473158552
1 0.35625 0.1616729088639201 0.07125 0.04119850187265917
11 0.083125 0.1772784019975031 0.06875 0.039950062421972535
11 0.086875 0.21098626716604243 0.06 0.03495630461922597
11 0.165625 0.1616729088639201 0.0625 0.039950062421972535
11 0.08 0.14606741573033707 0.06125 0.03620474406991261
11 0.07375 0.11173533083645443 0.06375 0.03870162297128589
11 0.25375 0.14294631710362046 0.06375 0.03870162297128589
11 0.26375 0.1760299625468165 0.06 0.03870162297128589
12 0.17375 0.19850187265917604 0.0475 0.031210986267166042
16 0.475 0.08302122347066167 0.0425 0.03870162297128589
16 0.466875 0.04119850187265917 0.04 0.03870162297128589
16 0.5125 0.03058676654182272 0.04 0.03745318352059925
16 0.5225 0.07553058676654183 0.0425 0.03745318352059925
16 0.52875 0.1136079900124844 0.0375 0.03745318352059925
10 0.4825 0.1254681647940075 0.05375 0.046192259675405745
17 0.341875 0.10486891385767791 0.07875 0.04369538077403246