4 0.10625 0.8807692307692307 0.03875 0.05076923076923077
11 0.0675 0.8761538461538462 0.02625 0.06769230769230769
11 0.03375 0.8730769230769231 0.03125 0.07076923076923076
11 0.080625 0.5938461538461538 0.035 0.07384615384615385
11 0.05125 0.5892307692307692 0.02875 0.06923076923076923
11 0.105625 0.42538461538461536 0.0325 0.08
11 0.135625 0.43 0.0325 0.07846153846153846
11 0.1075 0.32846153846153847 0.03375 0.07384615384615385
11 0.143125 0.33153846153846156 0.0325 0.07538461538461538
1 0.13375 0.5915384615384616 0.03125 0.08153846153846153
0 0.061875 0.4230769230769231 0.055 0.07846153846153846
16 0.0525 0.2453846153846154 0.03375 0.038461538461538464
16 0.094375 0.24384615384615385 0.03 0.038461538461538464
16 0.135625 0.24923076923076923 0.0275 0.04153846153846154
14 0.121875 0.7407692307692307 0.04 0.12615384615384614