0 0.4649390243902439 0.03888888888888889 0.07469512195121951 0.06031746031746032
1 0.3086890243902439 0.1373015873015873 0.0701219512195122 0.03333333333333333
17 0.30259146341463417 0.07301587301587302 0.07621951219512195 0.031746031746031744
11 0.2027439024390244 0.08571428571428572 0.06554878048780488 0.03333333333333333
11 0.19817073170731708 0.05 0.0625 0.03492063492063492
11 0.11432926829268293 0.1126984126984127 0.06554878048780488 0.03492063492063492
11 0.11280487804878049 0.1484126984126984 0.06402439024390244 0.03492063492063492
11 0.46722560975609756 0.12222222222222222 0.06859756097560976 0.03333333333333333
11 0.46875 0.0873015873015873 0.06859756097560976 0.03333333333333333
16 0.5403963414634146 0.05873015873015873 0.038109756097560975 0.04285714285714286
16 0.5442073170731707 0.014285714285714285 0.042682926829268296 0.02857142857142857
16 0.5899390243902439 0.014285714285714285 0.042682926829268296 0.02857142857142857
16 0.5960365853658537 0.05396825396825397 0.038109756097560975 0.0380952380952381
16 0.5952743902439024 0.10317460317460317 0.036585365853658534 0.03968253968253968
10 0.5487804878048781 0.10714285714285714 0.04878048780487805 0.046031746031746035
4 0.10823170731707317 0.06666666666666667 0.05030487804878049 0.046031746031746035
12 0.2073170731707317 0.14761904761904762 0.04725609756097561 0.02857142857142857