0 0.4573170731707317 0.9603174603174603 0.07621951219512195 0.06349206349206349
1 0.6280487804878049 0.8912698412698413 0.07164634146341463 0.03650793650793651
17 0.6234756097560976 0.9563492063492064 0.07774390243902439 0.03492063492063492
11 0.7240853658536586 0.9619047619047619 0.06707317073170732 0.03492063492063492
11 0.7233231707317073 0.9888888888888889 0.06554878048780488 0.01904761904761905
11 0.8155487804878049 0.9507936507936507 0.06707317073170732 0.03650793650793651
11 0.823170731707317 0.9158730158730158 0.06554878048780488 0.03650793650793651
11 0.4695121951219512 0.8777777777777778 0.0701219512195122 0.03650793650793651
11 0.46189024390243905 0.9126984126984127 0.0701219512195122 0.03650793650793651
16 0.3864329268292683 0.926984126984127 0.038109756097560975 0.04285714285714286
16 0.3757621951219512 0.9738095238095238 0.042682926829268296 0.031746031746031744
16 0.33003048780487804 0.9666666666666667 0.042682926829268296 0.03650793650793651
16 0.3307926829268293 0.9222222222222223 0.039634146341463415 0.0380952380952381
16 0.3399390243902439 0.8738095238095238 0.036585365853658534 0.04126984126984127
10 0.3864329268292683 0.8777777777777778 0.05030487804878049 0.047619047619047616
4 0.8147865853658537 0.9857142857142858 0.053353658536585365 0.025396825396825397
12 0.729420731707317 0.9 0.04878048780487805 0.03015873015873016