0 0.5807926829268293 0.9547619047619048 0.07926829268292683 0.06825396825396825
1 0.7271341463414634 0.8396825396825397 0.07164634146341463 0.04126984126984127
17 0.739329268292683 0.9031746031746032 0.07774390243902439 0.03968253968253968
11 0.8376524390243902 0.8793650793650793 0.06707317073170732 0.03968253968253968
11 0.8460365853658537 0.9142857142857143 0.06554878048780488 0.04126984126984127
11 0.9222560975609756 0.8428571428571429 0.06859756097560976 0.04126984126984127
11 0.9207317073170732 0.8071428571428572 0.06707317073170732 0.04126984126984127
11 0.5708841463414634 0.8722222222222222 0.0701219512195122 0.03968253968253968
11 0.573170731707317 0.9071428571428571 0.0701219512195122 0.03968253968253968
16 0.5038109756097561 0.9436507936507936 0.041158536585365856 0.046031746031746035
16 0.5060975609756098 0.9865079365079366 0.04573170731707317 0.023809523809523808
16 0.4603658536585366 0.9880952380952381 0.04573170731707317 0.020634920634920634
16 0.4489329268292683 0.953968253968254 0.041158536585365856 0.04126984126984127
16 0.4451219512195122 0.9047619047619048 0.039634146341463415 0.04285714285714286
10 0.49085365853658536 0.8960317460317461 0.051829268292682924 0.050793650793650794
4 0.9336890243902439 0.8888888888888888 0.053353658536585365 0.050793650793650794
12 0.8262195121951219 0.819047619047619 0.04878048780487805 0.03333333333333333