1 0.885625 0.13190184049079753 0.02125 0.06901840490797546
0 0.959375 0.5138036809815951 0.045 0.07975460122699386
11 0.88625 0.41180981595092025 0.0275 0.06441717791411043
11 0.919375 0.40950920245398775 0.025 0.0598159509202454
11 0.886875 0.5168711656441718 0.0275 0.06901840490797546
11 0.914375 0.5184049079754601 0.02625 0.06595092024539877
16 0.89625 0.6533742331288344 0.03 0.04141104294478527
16 0.935 0.651840490797546 0.02875 0.04447852760736196
16 0.97375 0.6510736196319018 0.02875 0.03374233128834356
17 0.88375 0.23696319018404907 0.02625 0.07975460122699386
11 0.938125 0.036042944785276074 0.02625 0.06441717791411043
11 0.97 0.036042944785276074 0.0275 0.06441717791411043
4 0.899375 0.03450920245398773 0.03625 0.049079754601226995