1 0.95 0.2668711656441718 0.035 0.0736196319018405
0 0.940625 0.6595092024539877 0.06 0.09202453987730061
11 0.891875 0.5375766871165644 0.04 0.0705521472392638
11 0.924375 0.5460122699386503 0.03625 0.06595092024539877
11 0.87 0.6388036809815951 0.04125 0.07515337423312883
11 0.89625 0.6495398773006135 0.03875 0.07208588957055215
16 0.850625 0.7737730061349694 0.0375 0.049079754601226995
16 0.888125 0.7845092024539877 0.0375 0.05214723926380368
16 0.925625 0.7960122699386503 0.035 0.04141104294478527
17 0.92625 0.36809815950920244 0.0425 0.08588957055214724
4 0.98 0.17714723926380369 0.0375 0.0598159509202454