10 0.16625 0.38833124215809284 0.0625 0.06649937264742785
0 0.0575 0.46675031367628605 0.08125 0.09661229611041405
16 0.179375 0.32559598494353825 0.05 0.053952321204516936
16 0.1125 0.3720200752823087 0.05375 0.05269761606022585
16 0.055 0.3601003764115433 0.05375 0.05269761606022585
16 0.07 0.2998745294855709 0.05 0.04893350062735257
16 0.12375 0.31053952321204514 0.04875 0.04893350062735257
11 0.15625 0.4868255959849435 0.0525 0.08406524466750313
11 0.115625 0.47867001254705144 0.04625 0.08030112923462986
11 0.086875 0.6016311166875784 0.05 0.08030112923462986
11 0.02875 0.8444165621079046 0.05 0.08281053952321205
11 0.07 0.855081555834379 0.05125 0.08030112923462986
1 0.100625 0.7396486825595985 0.0525 0.09535759096612297
12 0.13125 0.6141781681304893 0.0375 0.05897114178168131
17 0.026875 0.7239648682559598 0.05125 0.10037641154328733