10 0.465625 0.14868255959849436 0.065 0.06148055207026349
0 0.35 0.0809284818067754 0.095 0.07904642409033877
4 0.0075 0.14868255959849436 0.015 0.05897114178168131
16 0.52875 0.1355081555834379 0.0525 0.04893350062735257
16 0.45875 0.09284818067754078 0.05125 0.05269761606022585
16 0.44625 0.03513174404015056 0.05125 0.05269761606022585
16 0.5075 0.024466750313676285 0.0475 0.04893350062735257
16 0.519375 0.07779171894604768 0.0475 0.04767879548306148
11 0.3725 0.1794228356336261 0.0825 0.050188205771643665
11 0.363125 0.13864491844416563 0.07875 0.043914680050188205
11 0.239375 0.16248431618569636 0.07875 0.04767879548306148
11 0.018125 0.20890840652446674 0.03625 0.04893350062735257
11 0.02125 0.25094102885821834 0.0425 0.050188205771643665
1 0.119375 0.23086574654956085 0.095 0.04893350062735257
12 0.24625 0.20828105395232122 0.0575 0.03638644918444166
17 0.10375 0.15746549560853199 0.09875 0.04893350062735257