10 0.14875 0.4849435382685069 0.05375 0.05897114178168131
0 0.065625 0.5909661229611042 0.0675 0.08782936010037641
4 0.081875 0.9642409033877039 0.05125 0.05520702634880803
16 0.144375 0.4209535759096612 0.04375 0.04767879548306148
16 0.0925 0.48431618569636137 0.0475 0.04642409033877039
16 0.03375 0.4887076537013802 0.0475 0.04642409033877039
16 0.031875 0.42659974905897113 0.045 0.04265997490589712
16 0.08625 0.4215809284818068 0.0425 0.043914680050188205
11 0.165625 0.5821831869510665 0.04 0.07904642409033877
11 0.124375 0.5859473023839398 0.03375 0.07653701380175659
11 0.130625 0.7120451693851945 0.0375 0.07528230865746549
11 0.141875 0.9604767879548306 0.03875 0.07653701380175659
11 0.184375 0.9598494353826851 0.03875 0.07528230865746549
1 0.181875 0.8406524466750314 0.0375 0.09159347553324969
12 0.176875 0.7120451693851945 0.02875 0.05520702634880803
17 0.106875 0.8462986198243413 0.03625 0.09661229611041405