10 0.35031055900621116 0.845 0.06335403726708075 0.05625
16 0.30434782608695654 0.835 0.05093167701863354 0.0425
16 0.2950310559006211 0.875 0.0422360248447205 0.04
16 0.33975155279503105 0.8875 0.04472049689440994 0.03875
16 0.3298136645962733 0.9275 0.03975155279503106 0.0375
16 0.2857142857142857 0.91625 0.040993788819875775 0.03875
11 0.42049689440993787 0.855 0.06086956521739131 0.04125
11 0.4161490683229814 0.885 0.05962732919254658 0.04125
11 0.48757763975155277 0.90625 0.07080745341614907 0.04375
11 0.5950310559006211 0.933125 0.07204968944099378 0.0475
11 0.6055900621118012 0.90125 0.07204968944099378 0.04625
11 0.6658385093167701 0.968125 0.06086956521739131 0.04125
11 0.6540372670807454 0.988125 0.06832298136645963 0.02125
11 0.7863354037267081 0.9825 0.062111801242236024 0.0325
11 0.7962732919254658 0.951875 0.06086956521739131 0.03875
1 0.6782608695652174 0.91875 0.07577639751552795 0.04625
0 0.4012422360248447 0.92875 0.07577639751552795 0.065
12 0.4968944099378882 0.87 0.05217391304347826 0.03625