10 0.5093167701863354 0.87625 0.062111801242236024 0.05375
16 0.46335403726708074 0.886875 0.049689440993788817 0.04
16 0.4720496894409938 0.926875 0.040993788819875775 0.03875
16 0.5180124223602485 0.919375 0.043478260869565216 0.03625
16 0.5254658385093167 0.96 0.03850931677018633 0.03625
16 0.48012422360248447 0.96875 0.03975155279503106 0.0375
11 0.5770186335403726 0.855625 0.06086956521739131 0.03875
11 0.5857142857142857 0.884375 0.05962732919254658 0.03875
11 0.6596273291925466 0.87375 0.06956521739130435 0.04125
11 0.7677018633540372 0.851875 0.07080745341614907 0.045
11 0.7639751552795031 0.81875 0.07204968944099378 0.04375
11 0.846583850931677 0.85375 0.06086956521739131 0.03875
11 0.8503105590062112 0.88875 0.06583850931677018 0.04375
11 0.970807453416149 0.883125 0.055900621118012424 0.03875
11 0.9677018633540373 0.850625 0.06086956521739131 0.03625
11 0.9633540372670808 0.81875 0.05962732919254658 0.03625
11 0.9583850931677018 0.783125 0.06086956521739131 0.035
1 0.837888198757764 0.80375 0.07577639751552795 0.0425
0 0.5906832298136646 0.930625 0.07453416149068323 0.06125
12 0.6521739130434783 0.836875 0.05093167701863354 0.03375