10 0.8739130434782608 0.51 0.05093167701863354 0.06
16 0.8819875776397516 0.556875 0.03850931677018633 0.04875
16 0.922360248447205 0.550625 0.037267080745341616 0.04
16 0.9167701863354037 0.504375 0.034782608695652174 0.0425
16 0.9577639751552796 0.498125 0.034782608695652174 0.0375
16 0.9639751552795031 0.544375 0.03602484472049689 0.03875
11 0.8571428571428571 0.44125 0.03602484472049689 0.06
11 0.8857142857142857 0.43375 0.03602484472049689 0.05875
11 0.8795031055900621 0.359375 0.037267080745341616 0.07
11 0.8633540372670807 0.249375 0.040993788819875775 0.07
11 0.8304347826086956 0.25125 0.03975155279503106 0.07125
11 0.868944099378882 0.17 0.03602484472049689 0.06
11 0.9037267080745341 0.168125 0.040993788819875775 0.065
11 0.9043478260869565 0.04125 0.034782608695652174 0.065
11 0.8720496894409938 0.04875 0.03354037267080745 0.06
11 0.8403726708074534 0.05125 0.03354037267080745 0.05875
11 0.8055900621118013 0.054375 0.03229813664596273 0.06
1 0.8192546583850931 0.17625 0.03975155279503106 0.075
0 0.9316770186335404 0.43125 0.058385093167701865 0.0725
12 0.8422360248447205 0.364375 0.031055900621118012 0.05