1 0.34125 0.01902587519025875 0.07 0.0380517503805175
11 0.26 0.0060882800608828 0.06 0.0121765601217656
11 0.434375 0.0091324200913242 0.07375 0.0182648401826484
11 0.4225 0.0273972602739726 0.06 0.0441400304414003
11 0.54875 0.05859969558599695 0.0625 0.045662100456621
11 0.555 0.02359208523592085 0.065 0.0471841704718417
11 0.64125 0.04642313546423135 0.06125 0.0471841704718417
12 0.6375 0.08904109589041095 0.0475 0.0380517503805175
16 0.714375 0.0471841704718417 0.035 0.0197869101978691
16 0.760625 0.0593607305936073 0.035 0.0213089802130898
16 0.751875 0.09817351598173515 0.03875 0.0517503805175038
10 0.70875 0.0882800608828006 0.055 0.0593607305936073