0 0.93 0.6407914764079148 0.05375 0.0791476407914764
1 0.885625 0.2648401826484018 0.03625 0.0806697108066971
11 0.896875 0.16362252663622526 0.03 0.0700152207001522
11 0.928125 0.1659056316590563 0.03 0.0684931506849315
11 0.9625 0.1704718417047184 0.035 0.0684931506849315
11 0.989375 0.17579908675799086 0.01875 0.0745814307458143
11 0.911875 0.3751902587519026 0.0375 0.0852359208523592
11 0.88 0.365296803652968 0.0325 0.0715372907153729
11 0.865 0.5205479452054794 0.0325 0.0745814307458143
11 0.895625 0.5243531202435312 0.035 0.0745814307458143
11 0.883125 0.6316590563165906 0.035 0.0715372907153729
12 0.848125 0.6308980213089802 0.02875 0.0563165905631659
16 0.899375 0.7207001522070016 0.03375 0.0426179604261796
16 0.94125 0.7267884322678844 0.0325 0.0426179604261796
16 0.938125 0.7792998477929984 0.03625 0.0441400304414003
16 0.893125 0.7792998477929984 0.03375 0.0426179604261796
16 0.850625 0.7709284627092846 0.04125 0.0441400304414003
17 0.929375 0.2732115677321157 0.04125 0.1019786910197869
10 0.855 0.7176560121765602 0.045 0.0639269406392694