0 0.94375 0.4528158295281583 0.06 0.0852359208523592
1 0.79625 0.11796042617960426 0.045 0.0837138508371385
11 0.778125 0.02815829528158295 0.03875 0.0563165905631659
11 0.808125 0.02207001522070015 0.03875 0.0441400304414003
11 0.843125 0.01750380517503805 0.04375 0.0350076103500761
11 0.87375 0.01445966514459665 0.0375 0.0289193302891933
11 0.851875 0.2115677321156773 0.045 0.0882800608828006
11 0.819375 0.2146118721461187 0.03875 0.0745814307458143
11 0.84875 0.3675799086757991 0.04 0.0776255707762557
11 0.87875 0.3584474885844749 0.0425 0.0776255707762557
11 0.896875 0.4642313546423135 0.04125 0.0745814307458143
12 0.86375 0.4779299847792998 0.03375 0.0593607305936073
16 0.9375 0.541095890410959 0.0375 0.0471841704718417
16 0.978125 0.5296803652968036 0.03625 0.0471841704718417
16 0.984375 0.5806697108066972 0.02875 0.0502283105022831
16 0.948125 0.5981735159817352 0.0375 0.0471841704718417
16 0.905625 0.6080669710806698 0.04375 0.0487062404870624
17 0.84 0.1080669710806697 0.05125 0.1050228310502283
10 0.895 0.556316590563166 0.05 0.0700152207001522