0 0.05 0.4517345399698341 0.055 0.08144796380090498
1 0.081875 0.696078431372549 0.0375 0.07088989441930618
11 0.06375 0.7941176470588235 0.04125 0.07390648567119155
11 0.03375 0.7858220211161387 0.0325 0.0693815987933635
11 0.010625 0.7812971342383107 0.02125 0.06636500754147813
11 0.05625 0.5633484162895928 0.03375 0.06485671191553545
11 0.026875 0.557315233785822 0.03375 0.06485671191553545
11 0.089375 0.46078431372549017 0.035 0.07088989441930618
11 0.11875 0.46681749622926094 0.0325 0.06485671191553545
12 0.1025 0.5754147812971342 0.03 0.05731523378582202
17 0.03 0.6825037707390649 0.0425 0.08597285067873303
16 0.1 0.30165912518853694 0.0375 0.049773755656108594
16 0.06125 0.29411764705882354 0.0325 0.048265460030165915
16 0.069375 0.24509803921568626 0.035 0.048265460030165915
16 0.1075 0.25188536953242835 0.03375 0.04524886877828054
16 0.14625 0.26395173453996984 0.03375 0.04072398190045249
10 0.140625 0.3152337858220211 0.0425 0.05731523378582202