4 0.0885 0.6266666666666667 0.064 0.10166666666666667
4 0.0825 0.46416666666666667 0.058 0.09833333333333333
3 0.2555 0.6216666666666667 0.118 0.11333333333333333
5 0.367 0.4216666666666667 0.248 0.09666666666666666
15 0.487 0.6191666666666666 0.103 0.08666666666666667
16 0.926 0.6041666666666666 0.046 0.07666666666666666
16 0.9275 0.48583333333333334 0.051 0.08
16 0.926 0.36833333333333335 0.049 0.085
11 0.788 0.5408333333333334 0.092 0.08
11 0.7905 0.6316666666666667 0.09 0.07666666666666666
11 0.649 0.5466666666666666 0.095 0.08666666666666667
11 0.65 0.6383333333333333 0.082 0.06833333333333333
0 0.7875 0.4241666666666667 0.092 0.12