4 0.108 0.7441666666666666 0.073 0.11833333333333333
4 0.085 0.585 0.067 0.11333333333333333
3 0.272 0.69 0.127 0.145
5 0.361 0.4608333333333333 0.253 0.16666666666666666
15 0.4995 0.6216666666666667 0.11 0.115
16 0.9305 0.4791666666666667 0.053 0.08833333333333333
16 0.9195 0.3625 0.058 0.09333333333333334
16 0.906 0.24666666666666667 0.057 0.09666666666666666
11 0.788 0.45666666666666667 0.098 0.105
11 0.7995 0.5458333333333333 0.096 0.1
11 0.6515 0.5025 0.102 0.11166666666666666
11 0.662 0.5925 0.087 0.09166666666666666
0 0.7755 0.3416666666666667 0.103 0.14333333333333334