11 0.6027777777777777 0.6444444444444445 0.05 0.02361111111111111
11 0.5962962962962963 0.6659722222222222 0.05555555555555555 0.027777777777777776
11 0.6518518518518519 0.6694444444444444 0.05 0.022222222222222223
11 0.6583333333333333 0.6506944444444445 0.05 0.022222222222222223
0 0.6611111111111111 0.6201388888888889 0.046296296296296294 0.03888888888888889
4 0.33055555555555555 0.6493055555555556 0.05185185185185185 0.03194444444444444
4 0.33796296296296297 0.6083333333333333 0.05185185185185185 0.03194444444444444
3 0.42777777777777776 0.6541666666666667 0.07962962962962963 0.03611111111111111
5 0.48148148148148145 0.6097222222222223 0.13518518518518519 0.03888888888888889
16 0.7305555555555555 0.6659722222222222 0.04259259259259259 0.02361111111111111
16 0.7388888888888889 0.6416666666666667 0.02962962962962963 0.018055555555555554
16 0.7398148148148148 0.6145833333333334 0.03333333333333333 0.022222222222222223
13 0.7944444444444444 0.6236111111111111 0.040740740740740744 0.058333333333333334
15 0.8175925925925925 0.5013888888888889 0.03888888888888889 0.04027777777777778
4 0.7953703703703704 0.5604166666666667 0.03888888888888889 0.027777777777777776
2 0.03981481481481482 0.6 0.07962962962962963 0.09444444444444444