11 0.3037037037037037 0.5722222222222222 0.03333333333333333 0.0375
11 0.2759259259259259 0.5659722222222222 0.03888888888888889 0.041666666666666664
11 0.26851851851851855 0.6076388888888888 0.02962962962962963 0.03888888888888889
11 0.2935185185185185 0.6138888888888889 0.02962962962962963 0.03888888888888889
0 0.33425925925925926 0.6159722222222223 0.05185185185185185 0.03611111111111111
4 0.3074074074074074 0.3680555555555556 0.044444444444444446 0.03888888888888889
4 0.3611111111111111 0.37430555555555556 0.044444444444444446 0.03888888888888889
3 0.2962962962962963 0.4409722222222222 0.05 0.06111111111111111
5 0.35462962962962963 0.48194444444444445 0.05555555555555555 0.10138888888888889
16 0.27037037037037037 0.6673611111111111 0.03148148148148148 0.03194444444444444
16 0.30277777777777776 0.6743055555555556 0.024074074074074074 0.02361111111111111
16 0.3388888888888889 0.6756944444444445 0.03148148148148148 0.025
13 0.325 0.7166666666666667 0.07777777777777778 0.03333333333333333
15 0.48703703703703705 0.7381944444444445 0.05555555555555555 0.029166666666666667
4 0.40925925925925927 0.7194444444444444 0.03888888888888889 0.030555555555555555
2 0.38333333333333336 0.1423611111111111 0.1259259259259259 0.07777777777777778