11 0.38055555555555554 0.3625 0.04814814814814815 0.020833333333333332
11 0.3851851851851852 0.34097222222222223 0.053703703703703705 0.02361111111111111
11 0.3296296296296296 0.34097222222222223 0.05 0.018055555555555554
11 0.32407407407407407 0.36041666666666666 0.05 0.018055555555555554
0 0.32592592592592595 0.3909722222222222 0.04259259259259259 0.03611111111111111
4 0.6509259259259259 0.3402777777777778 0.04814814814814815 0.029166666666666667
4 0.649074074074074 0.38125 0.04814814814814815 0.029166666666666667
3 0.5537037037037037 0.3416666666666667 0.07777777777777778 0.030555555555555555
5 0.5055555555555555 0.38958333333333334 0.13333333333333333 0.030555555555555555
16 0.25092592592592594 0.35 0.040740740740740744 0.020833333333333332
16 0.24537037037037038 0.37430555555555556 0.02962962962962963 0.016666666666666666
16 0.24814814814814815 0.40208333333333335 0.03148148148148148 0.020833333333333332
13 0.19166666666666668 0.3958333333333333 0.03518518518518519 0.05694444444444444
15 0.18333333333333332 0.5194444444444445 0.03333333333333333 0.03888888888888889
4 0.19907407407407407 0.45902777777777776 0.037037037037037035 0.02638888888888889
2 0.9555555555555556 0.37083333333333335 0.08518518518518518 0.08888888888888889