16 0.365 0.8940149625935162 0.0425 0.03865336658354115
16 0.35625 0.9382793017456359 0.04125 0.03865336658354115
16 0.326875 0.8447630922693267 0.04375 0.03615960099750624
16 0.315625 0.8859102244389028 0.04 0.03615960099750624
16 0.30875 0.9276807980049875 0.04125 0.03865336658354115
11 0.435 0.8877805486284289 0.06875 0.04114713216957606
11 0.445625 0.8553615960099751 0.065 0.0399002493765586
11 0.525 0.8690773067331671 0.065 0.03615960099750624
11 0.518125 0.9027431421446384 0.05875 0.032418952618453865
11 0.594375 0.8809226932668329 0.06125 0.03615960099750624
11 0.845625 0.9276807980049875 0.07125 0.0399002493765586
11 0.84 0.9582294264339152 0.07 0.04114713216957606
1 0.716875 0.9002493765586035 0.0675 0.0399002493765586
17 0.708125 0.9476309226932669 0.07625 0.04488778054862843
0 0.430625 0.9314214463840399 0.07 0.06359102244389027
10 0.3725 0.8497506234413965 0.055 0.046134663341645885