16 0.90875 0.5854114713216958 0.035 0.03865336658354115
16 0.95375 0.5885286783042394 0.03375 0.03740648379052369
16 0.864375 0.6296758104738155 0.0325 0.0399002493765586
16 0.906875 0.635286783042394 0.0325 0.03615960099750624
16 0.94875 0.6371571072319202 0.03375 0.03740648379052369
11 0.89375 0.5168329177057357 0.03375 0.06608478802992519
11 0.860625 0.5105985037406484 0.03375 0.06234413965087282
11 0.864375 0.43017456359102246 0.03 0.06234413965087282
11 0.89875 0.43266832917705733 0.02625 0.05610972568578554
11 0.8675 0.35972568578553615 0.02875 0.05860349127182045
11 0.883125 0.10536159600997506 0.0325 0.0685785536159601
11 0.914375 0.10785536159600997 0.03375 0.06733167082294264
1 0.871875 0.23690773067331672 0.0325 0.06483790523690773
17 0.92 0.23940149625935161 0.03625 0.07231920199501247
0 0.938125 0.516209476309227 0.0575 0.06359102244389027
10 0.86375 0.5835411471321695 0.04125 0.05112219451371571