16 0.906875 0.5928927680798005 0.035 0.0399002493765586
16 0.951875 0.5966334164588528 0.035 0.03865336658354115
16 0.861875 0.6359102244389028 0.0325 0.04114713216957606
16 0.904375 0.6427680798004988 0.03375 0.03740648379052369
16 0.946875 0.6446384039900249 0.035 0.03865336658354115
11 0.89375 0.5236907730673317 0.035 0.06733167082294264
11 0.860625 0.5168329177057357 0.03375 0.06359102244389027
11 0.865625 0.43703241895261846 0.03 0.06234413965087282
11 0.899375 0.4395261845386534 0.0275 0.05610972568578554
11 0.869375 0.36658354114713215 0.03 0.05860349127182045
11 0.89 0.11221945137157108 0.03375 0.0685785536159601
11 0.92125 0.11471321695760599 0.035 0.0685785536159601
1 0.87625 0.243142144638404 0.03375 0.06483790523690773
17 0.924375 0.24625935162094764 0.0375 0.07356608478802992
0 0.9375 0.5236907730673317 0.0575 0.06483790523690773
10 0.861875 0.5897755610972568 0.0425 0.05112219451371571