16 0.3016759776536313 0.44375 0.037243947858473 0.02125
16 0.33891992551210426 0.439375 0.037243947858473 0.02
16 0.33426443202979517 0.4125 0.03910614525139665 0.02125
16 0.2942271880819367 0.416875 0.03910614525139665 0.02375
16 0.28677839851024206 0.39375 0.0335195530726257 0.02
16 0.3249534450651769 0.388125 0.03910614525139665 0.02
4 0.7001862197392924 0.338125 0.05027932960893855 0.0275
4 0.7094972067039106 0.369375 0.035381750465549346 0.02625
3 0.6201117318435754 0.349375 0.08193668528864059 0.03125
5 0.5791433891992551 0.39375 0.13966480446927373 0.0375
11 0.441340782122905 0.385 0.05772811918063315 0.02125
11 0.4366852886405959 0.366875 0.055865921787709494 0.02125
11 0.3770949720670391 0.374375 0.061452513966480445 0.02125
11 0.38361266294227186 0.391875 0.0595903165735568 0.0225
0 0.3929236499068901 0.418125 0.055865921787709494 0.0325
15 0.19646182495344505 0.525625 0.0595903165735568 0.045
13 0.17783985102420857 0.451875 0.05772811918063315 0.0575