16 0.35567970204841715 0.3925 0.03910614525139665 0.0225
16 0.3919925512104283 0.399375 0.03910614525139665 0.02125
16 0.40502793296089384 0.37375 0.040968342644320296 0.0225
16 0.3659217877094972 0.36625 0.03910614525139665 0.025
16 0.3743016759776536 0.343125 0.035381750465549346 0.02
16 0.41247672253258844 0.349375 0.040968342644320296 0.02125
4 0.7830540037243948 0.41 0.0521415270018622 0.02875
4 0.7718808193668529 0.44125 0.037243947858473 0.02625
3 0.7039106145251397 0.3975 0.08379888268156424 0.03375
5 0.638733705772812 0.42625 0.13966480446927373 0.04125
11 0.5186219739292365 0.37875 0.05772811918063315 0.02375
11 0.5260707635009311 0.36125 0.055865921787709494 0.0225
11 0.46741154562383613 0.351875 0.061452513966480445 0.0225
11 0.462756052141527 0.36875 0.0595903165735568 0.025
0 0.4543761638733706 0.395 0.055865921787709494 0.03375
15 0.2085661080074488 0.436875 0.061452513966480445 0.04625
13 0.2383612662942272 0.365 0.0595903165735568 0.0575