16 0.34823091247672255 0.6025 0.03165735567970205 0.025
16 0.35661080074487894 0.5775 0.0297951582867784 0.025
16 0.31750465549348234 0.570625 0.03165735567970205 0.02625
16 0.30819366852886404 0.596875 0.035381750465549346 0.02625
16 0.27281191806331473 0.5925 0.0297951582867784 0.0225
16 0.2802607076350093 0.566875 0.0297951582867784 0.02625
4 0.35195530726256985 0.315 0.040968342644320296 0.03375
4 0.3985102420856611 0.320625 0.03910614525139665 0.02375
3 0.3370577281191806 0.36875 0.04655493482309125 0.055
5 0.38268156424581007 0.410625 0.055865921787709494 0.09375
11 0.31843575418994413 0.49375 0.03165735567970205 0.03875
11 0.29236499068901306 0.489375 0.03165735567970205 0.0375
11 0.2811918063314711 0.529375 0.03165735567970205 0.04125
11 0.3063314711359404 0.531875 0.0335195530726257 0.04
0 0.3463687150837989 0.53625 0.048417132216014895 0.0375
2 0.419925512104283 0.113125 0.1005586592178771 0.0675
15 0.42178770949720673 0.69875 0.0670391061452514 0.04
13 0.3128491620111732 0.6825 0.0856610800744879 0.03875