16 0.952846975088968 0.6360544217687075 0.05693950177935943 0.19047619047619047
16 0.9466192170818505 0.32653061224489793 0.05871886120996441 0.2108843537414966
16 0.9386120996441281 0.06802721088435375 0.06227758007117438 0.1360544217687075
15 0.6254448398576512 0.2857142857142857 0.12455516014234876 0.2653061224489796
14 0.6370106761565836 0.7925170068027211 0.17259786476868327 0.2653061224489796
0 0.8274021352313167 0.24489795918367346 0.10854092526690391 0.3129251700680272
11 0.8327402135231317 0.5306122448979592 0.099644128113879 0.19047619047619047
11 0.8425266903914591 0.7380952380952381 0.10320284697508897 0.1836734693877551
11 0.28825622775800713 0.7142857142857143 0.099644128113879 0.20408163265306123
11 0.16814946619217083 0.7551020408163265 0.09608540925266904 0.19047619047619047
11 0.17348754448398576 0.935374149659864 0.09786476868327403 0.11564625850340136
11 0.29092526690391457 0.9149659863945578 0.09430604982206406 0.1564625850340136
1 0.4332740213523132 0.8979591836734694 0.099644128113879 0.17687074829931973
4 0.05782918149466192 0.564625850340136 0.06761565836298933 0.24489795918367346
4 0.06761565836298933 0.9047619047619048 0.06761565836298933 0.17687074829931973