16 0.06850533807829182 0.027210884353741496 0.06227758007117438 0.05442176870748299
16 0.05516014234875445 0.25510204081632654 0.06227758007117438 0.22448979591836735
16 0.04448398576512456 0.5476190476190477 0.06405693950177936 0.20408163265306123
15 0.36476868327402134 0.5918367346938775 0.12633451957295375 0.2925170068027211
14 0.3861209964412811 0.12244897959183673 0.17793594306049823 0.24489795918367346
0 0.16637010676156583 0.445578231292517 0.11387900355871886 0.3401360544217687
11 0.17882562277580072 0.1598639455782313 0.10142348754448399 0.2108843537414966
11 0.18327402135231316 0.030612244897959183 0.10676156583629894 0.061224489795918366
11 0.7197508896797153 0.4897959183673469 0.10142348754448399 0.22448979591836735
11 0.8380782918149466 0.5612244897959183 0.09786476868327403 0.21768707482993196
11 0.8460854092526691 0.35714285714285715 0.09608540925266904 0.19047619047619047
11 0.7304270462633452 0.282312925170068 0.09430604982206406 0.20408163265306123
1 0.5898576512455516 0.17687074829931973 0.10142348754448399 0.19727891156462585
4 0.9332740213523132 0.8435374149659864 0.0711743772241993 0.2585034013605442
4 0.947508896797153 0.47619047619047616 0.0693950177935943 0.2585034013605442