16 0.04715302491103203 0.6360544217687075 0.06227758007117438 0.21768707482993196
16 0.06583629893238434 0.9047619047619048 0.06761565836298933 0.17687074829931973
15 0.38434163701067614 0.7857142857142857 0.1298932384341637 0.32653061224489793
14 0.35231316725978645 0.2925170068027211 0.17793594306049823 0.36054421768707484
0 0.18772241992882563 0.8775510204081632 0.11921708185053381 0.23129251700680273
11 0.1699288256227758 0.6666666666666666 0.10320284697508897 0.23809523809523808
11 0.152135231316726 0.46938775510204084 0.10676156583629894 0.23809523809523808
11 0.701067615658363 0.1598639455782313 0.10320284697508897 0.25170068027210885
11 0.8176156583629893 0.08843537414965986 0.10142348754448399 0.17687074829931973
11 0.6912811387900356 0.03741496598639456 0.09786476868327403 0.07482993197278912
1 0.5498220640569395 0.09183673469387756 0.10320284697508897 0.1836734693877551
4 0.9341637010676157 0.17006802721088435 0.07473309608540925 0.272108843537415