16 0.6655138339920948 0.6154734411085451 0.03557312252964427 0.07621247113163972
16 0.6615612648221344 0.707852193995381 0.03260869565217391 0.07621247113163972
16 0.658102766798419 0.8036951501154734 0.037549407114624504 0.08083140877598152
2 0.8794466403162056 0.8441108545034642 0.10968379446640317 0.19399538106235567
6 0.3265810276679842 0.75635103926097 0.06818181818181818 0.06697459584295612
10 0.5859683794466403 0.5739030023094688 0.045454545454545456 0.09237875288683603
1 0.5795454545454546 0.6882217090069284 0.06324110671936758 0.07621247113163972
17 0.5760869565217391 0.8140877598152425 0.07509881422924901 0.08545034642032333
14 0.45108695652173914 0.7806004618937644 0.09881422924901186 0.09699769053117784
11 0.3310276679841897 0.6131639722863741 0.058300395256917 0.08083140877598152
11 0.3285573122529644 0.6812933025404158 0.05533596837944664 0.07621247113163972
11 0.21393280632411066 0.6570438799076213 0.06324110671936758 0.07852193995381063
11 0.20948616600790515 0.733256351039261 0.05731225296442688 0.07390300230946882
11 0.1408102766798419 0.6420323325635104 0.06324110671936758 0.09006928406466513
11 0.13488142292490118 0.7147806004618937 0.06027667984189723 0.07621247113163972
0 0.21739130434782608 0.5623556581986143 0.06521739130434782 0.11316397228637413
4 0.14476284584980237 0.5450346420323325 0.040513833992094864 0.09006928406466513