16 0.6709486166007905 0.5531177829099307 0.03557312252964427 0.07390300230946882
16 0.6734189723320159 0.6466512702078522 0.03260869565217391 0.07390300230946882
16 0.6763833992094862 0.7424942263279446 0.036561264822134384 0.07852193995381063
2 0.8977272727272727 0.7009237875288684 0.10869565217391304 0.18937644341801385
6 0.3458498023715415 0.8163972286374134 0.06719367588932806 0.06466512702078522
10 0.5899209486166008 0.5415704387990762 0.044466403162055336 0.09006928406466513
1 0.5914031620553359 0.6558891454965358 0.06324110671936758 0.07390300230946882
17 0.5963438735177866 0.7829099307159353 0.07509881422924901 0.08314087759815242
14 0.4708498023715415 0.7956120092378753 0.09782608695652174 0.09468822170900693
11 0.3409090909090909 0.6732101616628176 0.058300395256917 0.07852193995381063
11 0.34288537549407117 0.7424942263279446 0.05533596837944664 0.07390300230946882
11 0.22776679841897232 0.7598152424942263 0.06324110671936758 0.07621247113163972
11 0.22875494071146246 0.836027713625866 0.05731225296442688 0.07159353348729793
11 0.15464426877470355 0.7713625866050808 0.06225296442687747 0.08775981524249422
11 0.15365612648221344 0.8464203233256351 0.06027667984189723 0.07390300230946882
0 0.22529644268774704 0.6651270207852193 0.06422924901185771 0.11085450346420324
4 0.15217391304347827 0.674364896073903 0.039525691699604744 0.09006928406466513