10 0.87625 0.513375796178344 0.045 0.0535031847133758
17 0.850625 0.15414012738853503 0.045 0.08535031847133757
16 0.92125 0.5063694267515924 0.03875 0.044585987261146494
16 0.96375 0.49745222929936306 0.03625 0.03821656050955414
16 0.97125 0.5452229299363057 0.0375 0.04076433121019108
16 0.92875 0.5547770700636943 0.04125 0.045859872611464965
16 0.886875 0.5643312101910828 0.035 0.04076433121019108
11 0.855 0.4407643312101911 0.04125 0.07006369426751592
11 0.8875 0.4356687898089172 0.04125 0.07006369426751592
11 0.874375 0.3522292993630573 0.04375 0.07261146496815286
11 0.841875 0.35859872611464966 0.04 0.07133757961783439
11 0.83 0.2878980891719745 0.03875 0.07133757961783439
1 0.804375 0.16178343949044585 0.04125 0.07643312101910828
11 0.781875 0.033121019108280254 0.04375 0.06624203821656051
11 0.8175 0.029936305732484077 0.0425 0.05987261146496815
0 0.93125 0.42738853503184715 0.06125 0.07388535031847134