10 0.346875 0.8503184713375797 0.0525 0.04713375796178344
17 0.683125 0.9611464968152866 0.085 0.048407643312101914
16 0.33625 0.8955414012738854 0.045 0.04076433121019108
16 0.32875 0.9388535031847134 0.03875 0.03821656050955414
16 0.2825 0.9280254777070064 0.04125 0.03949044585987261
16 0.289375 0.8847133757961784 0.04625 0.04331210191082802
16 0.29625 0.8414012738853504 0.04 0.03694267515923567
11 0.420625 0.8579617834394905 0.07 0.04331210191082802
11 0.41375 0.8904458598726115 0.06875 0.044585987261146494
11 0.49375 0.9089171974522293 0.07125 0.045859872611464965
11 0.500625 0.8757961783439491 0.07125 0.04331210191082802
11 0.569375 0.8910828025477707 0.07 0.04203821656050955
1 0.69375 0.9146496815286624 0.07625 0.04331210191082802
11 0.82375 0.9426751592356688 0.0725 0.045859872611464965
11 0.815625 0.9777070063694268 0.07125 0.04331210191082802
0 0.405 0.9343949044585987 0.07375 0.06496815286624204