10 0.5525 0.12038216560509554 0.04875 0.04203821656050955
17 0.199375 0.10828025477707007 0.0825 0.03694267515923567
16 0.550625 0.07388535031847134 0.04125 0.035668789808917196
16 0.54625 0.029936305732484077 0.035 0.034394904458598725
16 0.59375 0.027388535031847135 0.0375 0.035668789808917196
16 0.598125 0.07070063694267516 0.0425 0.03821656050955414
16 0.603125 0.11464968152866242 0.0375 0.033121019108280254
11 0.479375 0.1337579617834395 0.0675 0.035668789808917196
11 0.4775 0.10063694267515924 0.06625 0.035668789808917196
11 0.395 0.10509554140127389 0.06875 0.03821656050955414
11 0.3975 0.13885350318471337 0.0675 0.034394904458598725
11 0.3275 0.14331210191082802 0.0675 0.033121019108280254
1 0.201875 0.15605095541401273 0.0725 0.034394904458598725
11 0.069375 0.16560509554140126 0.07 0.03694267515923567
11 0.0675 0.12929936305732484 0.06875 0.035668789808917196
0 0.47375 0.055414012738853505 0.06875 0.05732484076433121