16 0.8473958333333333 0.46630434782608693 0.04895833333333333 0.09347826086956522
16 0.9151041666666667 0.4282608695652174 0.051041666666666666 0.1
16 0.9244791666666666 0.5423913043478261 0.053125 0.09130434782608696
16 0.853125 0.5793478260869566 0.04791666666666667 0.1
16 0.8572916666666667 0.6869565217391305 0.046875 0.09347826086956522
16 0.9286458333333333 0.657608695652174 0.04895833333333333 0.09347826086956522
16 0.24010416666666667 0.9717391304347827 0.057291666666666664 0.05217391304347826
6 0.48802083333333335 0.8793478260869565 0.10208333333333333 0.10434782608695652
6 0.35989583333333336 0.9434782608695652 0.096875 0.09130434782608696
0 0.7348958333333333 0.5521739130434783 0.09791666666666667 0.15217391304347827
11 0.11927083333333334 0.8945652173913043 0.1 0.1108695652173913
11 0.10833333333333334 0.8097826086956522 0.08229166666666667 0.1
11 0.33697916666666666 0.7608695652173914 0.09375 0.10869565217391304
11 0.46770833333333334 0.7032608695652174 0.09583333333333334 0.1
11 0.478125 0.7934782608695652 0.09583333333333334 0.10434782608695652
11 0.3489583333333333 0.85 0.09479166666666666 0.10869565217391304
11 0.6098958333333333 0.7271739130434782 0.090625 0.10217391304347827
11 0.6177083333333333 0.8108695652173913 0.08645833333333333 0.10434782608695652
11 0.740625 0.6695652173913044 0.10104166666666667 0.11521739130434783
11 0.7463541666666667 0.7543478260869565 0.08854166666666667 0.10652173913043478
4 0.13541666666666666 0.9706521739130435 0.06458333333333334 0.05434782608695652
10 0.22291666666666668 0.8228260869565217 0.075 0.13043478260869565