6 0.33177083333333335 0.3532608695652174 0.041666666666666664 0.2108695652173913
6 0.34479166666666666 0.09021739130434783 0.0375 0.18043478260869567
0 0.40208333333333335 0.9152173913043479 0.0625 0.13478260869565217
11 0.4354166666666667 0.09565217391304348 0.04583333333333333 0.19130434782608696
11 0.41822916666666665 0.3695652173913043 0.040625 0.19782608695652174
11 0.37447916666666664 0.36195652173913045 0.042708333333333334 0.1956521739130435
11 0.390625 0.09347826086956522 0.04583333333333333 0.18695652173913044
11 0.3614583333333333 0.6434782608695652 0.041666666666666664 0.18695652173913044
11 0.32083333333333336 0.6315217391304347 0.04375 0.17608695652173914
11 0.346875 0.8902173913043478 0.04583333333333333 0.15217391304347827
11 0.30625 0.883695652173913 0.042708333333333334 0.14347826086956522