6 0.671875 0.6282608695652174 0.036458333333333336 0.20869565217391303
6 0.6661458333333333 0.9010869565217391 0.03229166666666667 0.1934782608695652
0 0.5885416666666666 0.075 0.06041666666666667 0.13478260869565217
11 0.5755208333333334 0.8989130434782608 0.040625 0.1891304347826087
11 0.5848958333333333 0.6217391304347826 0.035416666666666666 0.1956521739130435
11 0.6291666666666667 0.625 0.03854166666666667 0.1934782608695652
11 0.6197916666666666 0.9 0.040625 0.19130434782608696
11 0.6348958333333333 0.3423913043478261 0.0375 0.18478260869565216
11 0.6760416666666667 0.34891304347826085 0.03958333333333333 0.17391304347826086
11 0.6442708333333333 0.09239130434782608 0.042708333333333334 0.15
11 0.6848958333333334 0.09565217391304348 0.03958333333333333 0.14347826086956522