4 0.0779639175257732 0.055710306406685235 0.08118556701030928 0.11142061281337047
14 0.23775773195876287 0.6072423398328691 0.17461340206185566 0.34540389972144847
16 0.935889175257732 0.7632311977715878 0.061211340206185565 0.25069637883008355
16 0.9523195876288659 0.45264623955431754 0.061211340206185565 0.2395543175487465
0 0.8266752577319587 0.5013927576601671 0.1056701030927835 0.41225626740947074
11 0.6897551546391752 0.7256267409470752 0.09471649484536082 0.233983286908078
11 0.8157216494845361 0.8119777158774373 0.10309278350515463 0.23676880222841226
11 0.8083118556701031 0.9651810584958217 0.10244845360824742 0.06406685236768803
11 0.6833118556701031 0.9261838440111421 0.09987113402061856 0.14206128133704735
1 0.5505798969072165 0.8941504178272981 0.09987113402061856 0.20612813370473537
12 0.4181701030927835 0.807799442896936 0.061855670103092786 0.13649025069637882
11 0.06604381443298969 0.2924791086350975 0.09471649484536082 0.22562674094707522
11 0.05509020618556701 0.532033426183844 0.09278350515463918 0.22841225626740946