4 0.06217783505154639 0.7144846796657381 0.08440721649484537 0.32590529247910865
14 0.26836340206185566 0.9178272980501393 0.17719072164948454 0.15877437325905291
16 0.9439432989690721 0.3064066852367688 0.0625 0.2590529247910863
16 0.9249355670103093 0.07103064066852367 0.06507731958762887 0.14206128133704735
0 0.8012242268041238 0.08635097493036212 0.11146907216494846 0.17270194986072424
11 0.694909793814433 0.3871866295264624 0.09664948453608248 0.2646239554317549
11 0.8189432989690721 0.25348189415041783 0.10438144329896908 0.27019498607242337
11 0.833118556701031 0.4860724233983287 0.10309278350515463 0.2646239554317549
11 0.711340206185567 0.628133704735376 0.10115979381443299 0.27019498607242337
1 0.5824742268041238 0.7813370473537604 0.10051546391752578 0.24512534818941503
12 0.4526417525773196 0.9206128133704735 0.06378865979381443 0.1532033426183844
11 0.0818298969072165 0.9554317548746518 0.09664948453608248 0.08356545961002786