11 0.717741935483871 0.3022636484687084 0.10685483870967742 0.037283621837549935
11 0.7247983870967742 0.2663115845539281 0.11290322580645161 0.037283621837549935
11 0.5887096774193549 0.29027962716378164 0.09879032258064516 0.033288948069241014
0 0.5685483870967742 0.3355525965379494 0.0967741935483871 0.05725699067909454
16 0.4566532258064516 0.3422103861517976 0.06451612903225806 0.03595206391478029
16 0.4657258064516129 0.3009320905459387 0.05846774193548387 0.033288948069241014
16 0.47681451612903225 0.2589880159786951 0.05040322580645161 0.03595206391478029
5 0.9012096774193549 0.3655126498002663 0.1935483870967742 0.0492676431424767
15 0.04032258064516129 0.4640479360852197 0.06451612903225806 0.06258322237017311
13 0.06350806451612903 0.3209054593874834 0.08266129032258064 0.10119840213049268
1 0.047379032258064516 0.5792276964047937 0.056451612903225805 0.06657789613848203