11 0.2721774193548387 0.6924101198402131 0.10887096774193548 0.03994673768308921
11 0.26310483870967744 0.7283621837549934 0.11491935483870967 0.03861517976031957
11 0.4002016129032258 0.7077230359520639 0.09879032258064516 0.03462050599201065
0 0.4223790322580645 0.6631158455392809 0.09879032258064516 0.05992010652463382
16 0.5352822580645161 0.6584553928095872 0.06653225806451613 0.037283621837549935
16 0.5231854838709677 0.699733688415446 0.06048387096774194 0.03462050599201065
16 0.5110887096774194 0.7416777629826897 0.05241935483870968 0.037283621837549935
5 0.09576612903225806 0.6251664447403462 0.19153225806451613 0.05459387483355526
15 0.9576612903225806 0.5466045272969374 0.06854838709677419 0.06258322237017311
13 0.9274193548387096 0.689081225033289 0.08870967741935484 0.10252996005326231
1 0.9566532258064516 0.43142476697736354 0.05846774193548387 0.06790945406125166