11 0.2620967741935484 0.6870838881491345 0.10887096774193548 0.0426098535286285
11 0.25100806451612906 0.7223701731025299 0.11491935483870967 0.041278295605858856
11 0.38911290322580644 0.7057256990679095 0.10080645161290322 0.037283621837549935
0 0.41431451612903225 0.6611185086551264 0.10080645161290322 0.06125166444740346
16 0.5272177419354839 0.6591211717709721 0.06854838709677419 0.03861517976031957
16 0.5131048387096774 0.7003994673768309 0.06048387096774194 0.03462050599201065
16 0.49798387096774194 0.7416777629826897 0.05443548387096774 0.03861517976031957
5 0.09274193548387097 0.6151797603195739 0.18548387096774194 0.05858854860186418
15 0.9546370967741935 0.5572569906790945 0.07056451612903226 0.06391478029294274
13 0.9163306451612904 0.6984021304926764 0.09274193548387097 0.10386151797603196
1 0.9596774193548387 0.4420772303595206 0.0625 0.06790945406125166