1 0.7806490384615384 0.3442982456140351 0.12139423076923077 0.23684210526315788
0 0.28305288461538464 0.506578947368421 0.1346153846153846 0.42105263157894735
11 0.45492788461538464 0.3355263157894737 0.109375 0.2324561403508772
11 0.29927884615384615 0.22587719298245615 0.11778846153846154 0.2412280701754386
11 0.3082932692307692 0.06578947368421052 0.11899038461538461 0.13157894736842105
11 0.9254807692307693 0.7017543859649122 0.10817307692307693 0.24561403508771928
11 0.9441105769230769 0.48903508771929827 0.1045673076923077 0.23684210526315788
4 0.9122596153846154 0.9254385964912281 0.09134615384615384 0.14035087719298245
17 0.6219951923076923 0.2236842105263158 0.13341346153846154 0.24561403508771928
12 0.46694711538461536 0.09429824561403509 0.08413461538461539 0.16666666666666666
16 0.1622596153846154 0.03289473684210526 0.07211538461538461 0.06578947368421052
16 0.059495192307692304 0.16885964912280702 0.07451923076923077 0.2543859649122807
16 0.1466346153846154 0.23026315789473684 0.0673076923076923 0.23684210526315788
16 0.12800480769230768 0.5241228070175439 0.06971153846153846 0.25
16 0.042067307692307696 0.4583333333333333 0.06850961538461539 0.2412280701754386