1 0.7674278846153846 0.1513157894736842 0.11658653846153846 0.16228070175438597
0 0.2878605769230769 0.6578947368421053 0.11899038461538461 0.34649122807017546
11 0.44711538461538464 0.3684210526315789 0.10336538461538461 0.16228070175438597
11 0.28846153846153844 0.3706140350877193 0.11177884615384616 0.17105263157894737
11 0.2860576923076923 0.14473684210526316 0.11177884615384616 0.17982456140350878
11 0.9284855769230769 0.40131578947368424 0.10216346153846154 0.17543859649122806
11 0.9356971153846154 0.17982456140350878 0.0985576923076923 0.17105263157894737
4 0.9314903846153846 0.7214912280701754 0.07692307692307693 0.27631578947368424
17 0.6051682692307693 0.14473684210526316 0.12860576923076922 0.16228070175438597
12 0.4465144230769231 0.12280701754385964 0.07932692307692307 0.11403508771929824
16 0.1388221153846154 0.18640350877192982 0.0625 0.20175438596491227
16 0.051682692307692304 0.18640350877192982 0.05889423076923077 0.20614035087719298
16 0.05048076923076923 0.4824561403508772 0.06490384615384616 0.2149122807017544
16 0.1388221153846154 0.4824561403508772 0.05889423076923077 0.20175438596491227
16 0.13641826923076922 0.7807017543859649 0.06009615384615385 0.2149122807017544
16 0.048677884615384616 0.7785087719298246 0.06009615384615385 0.20614035087719298