0 0.7638888888888888 0.40808823529411764 0.11648745519713262 0.3786764705882353
1 0.17562724014336917 0.7536764705882353 0.10304659498207885 0.19117647058823528
11 0.6397849462365591 0.6709558823529411 0.0913978494623656 0.19117647058823528
11 0.6348566308243727 0.8952205882352942 0.09587813620071685 0.20220588235294118
11 0.7549283154121864 0.9154411764705882 0.10125448028673835 0.16176470588235295
11 0.7594086021505376 0.7058823529411765 0.09767025089605735 0.21323529411764705
12 0.5300179211469535 0.8841911764705882 0.06989247311827956 0.13970588235294118
15 0.26030465949820786 0.18933823529411764 0.12634408602150538 0.2757352941176471
11 0.05779569892473118 0.0974264705882353 0.10483870967741936 0.1948529411764706
11 0.05017921146953405 0.3088235294117647 0.09946236559139784 0.20588235294117646
4 0.04659498207885305 0.6084558823529411 0.07706093189964158 0.2867647058823529
17 0.3207885304659498 0.7996323529411765 0.12007168458781362 0.20955882352941177
16 0.9655017921146953 0.33639705882352944 0.05913978494623656 0.22058823529411764
16 0.9605734767025089 0.6360294117647058 0.06003584229390681 0.22426470588235295
16 0.953405017921147 0.9044117647058824 0.05913978494623656 0.18382352941176472