0 0.239247311827957 0.6856617647058824 0.10931899641577061 0.34191176470588236
1 0.817652329749104 0.13051470588235295 0.1003584229390681 0.15441176470588236
11 0.357078853046595 0.3805147058823529 0.08870967741935484 0.16176470588235295
11 0.3575268817204301 0.15257352941176472 0.0913978494623656 0.17279411764705882
11 0.23655913978494625 0.15441176470588236 0.0967741935483871 0.17647058823529413
11 0.23700716845878136 0.38786764705882354 0.09408602150537634 0.1801470588235294
12 0.46191756272401435 0.12867647058823528 0.06810035842293907 0.11397058823529412
15 0.7455197132616488 0.7242647058823529 0.12186379928315412 0.23161764705882354
11 0.9493727598566308 0.7555147058823529 0.1003584229390681 0.1801470588235294
11 0.9516129032258065 0.5294117647058824 0.09498207885304659 0.17647058823529413
4 0.9493727598566308 0.22977941176470587 0.07168458781362007 0.2610294117647059
17 0.6720430107526881 0.13786764705882354 0.11648745519713262 0.16911764705882354
16 0.039874551971326166 0.8290441176470589 0.05465949820788531 0.20220588235294118
16 0.03808243727598566 0.5294117647058824 0.05555555555555555 0.20588235294117646
16 0.03942652329749104 0.23529411764705882 0.053763440860215055 0.21323529411764705