16 0.05239064089521872 0.9493670886075949 0.05798575788402848 0.09282700421940929
16 0.0422177009155646 0.7215189873417721 0.054933875890132246 0.22362869198312235
16 0.035096642929806715 0.41983122362869196 0.05798575788402848 0.22362869198312235
11 0.40793489318413023 0.4345991561181435 0.09867751780264497 0.21940928270042195
11 0.40233977619532046 0.19198312236286919 0.09664292980671414 0.2109704641350211
11 0.25025432349949134 0.25949367088607594 0.10274669379450661 0.2109704641350211
11 0.2578840284842319 0.49156118143459915 0.09969481180061038 0.21518987341772153
0 0.26602238046795523 0.7911392405063291 0.10783316378433368 0.379746835443038
1 0.5417090539165819 0.11392405063291139 0.10274669379450661 0.19831223628691982
11 0.9521871820956256 0.5759493670886076 0.0935910478128179 0.22362869198312235
11 0.9471007121057986 0.339662447257384 0.09664292980671414 0.22362869198312235
15 0.7573753814852492 0.6075949367088608 0.11800610376398779 0.2616033755274262
14 0.7431332655137335 0.10337552742616034 0.17192268565615462 0.20675105485232068
4 0.9399796541200407 0.0949367088607595 0.07731434384537131 0.189873417721519