16 0.04323499491353001 0.8544303797468354 0.052899287894201424 0.2109704641350211
16 0.039165818921668365 0.5548523206751055 0.0508646998982706 0.20675105485232068
16 0.038657171922685654 0.25316455696202533 0.05391658189216684 0.20675105485232068
11 0.4094608341810783 0.4008438818565401 0.09562563580874874 0.189873417721519
11 0.40895218718209564 0.15822784810126583 0.0935910478128179 0.18143459915611815
11 0.25635808748728384 0.16877637130801687 0.09969481180061038 0.17721518987341772
11 0.2589013224821974 0.4029535864978903 0.09664292980671414 0.18143459915611815
0 0.2609359104781282 0.7046413502109705 0.10071210579857579 0.3459915611814346
1 0.5498474059003052 0.1308016877637131 0.10071210579857579 0.16455696202531644
11 0.9496439471007121 0.740506329113924 0.09257375381485249 0.189873417721519
11 0.9486266531027467 0.5021097046413502 0.0935910478128179 0.1940928270042194
15 0.754323499491353 0.70042194092827 0.11393692777212615 0.22362869198312235
14 0.7512716174974567 0.14978902953586498 0.167853509664293 0.22784810126582278
4 0.948118006103764 0.20042194092827004 0.07121057985757884 0.270042194092827