4 0.05030487804878049 0.31092436974789917 0.0741869918699187 0.28991596638655465
4 0.04878048780487805 0.7226890756302521 0.07215447154471545 0.27310924369747897
1 0.43851626016260165 0.8634453781512605 0.10467479674796748 0.18067226890756302
11 0.5899390243902439 0.6281512605042017 0.09044715447154472 0.19747899159663865
11 0.7169715447154471 0.6428571428571429 0.09654471544715447 0.18907563025210083
11 0.8429878048780488 0.6617647058823529 0.09654471544715447 0.17647058823529413
11 0.842479674796748 0.8928571428571429 0.09654471544715447 0.19327731092436976
11 0.7149390243902439 0.8823529411764706 0.0975609756097561 0.20168067226890757
11 0.5904471544715447 0.8592436974789915 0.09654471544715447 0.20588235294117646
15 0.23272357723577236 0.24369747899159663 0.11585365853658537 0.23949579831932774
14 0.22916666666666666 0.7983193277310925 0.16565040650406504 0.226890756302521
0 0.8455284552845529 0.3592436974789916 0.09857723577235772 0.35294117647058826
16 0.961890243902439 0.25 0.054878048780487805 0.21428571428571427
16 0.9603658536585366 0.5441176470588235 0.057926829268292686 0.21428571428571427
16 0.9583333333333334 0.8403361344537815 0.054878048780487805 0.21428571428571427