0 0.6308243727598566 0.3959537572254335 0.10125448028673835 0.26878612716763006
1 0.12231182795698925 0.7572254335260116 0.11021505376344086 0.1531791907514451
11 0.25985663082437277 0.5794797687861272 0.09050179211469533 0.12716763005780346
11 0.25448028673835127 0.7572254335260116 0.08960573476702509 0.12716763005780346
11 0.37948028673835127 0.7774566473988439 0.0931899641577061 0.15606936416184972
11 0.5067204301075269 0.6242774566473989 0.09587813620071685 0.15028901734104047
11 0.3844086021505376 0.6069364161849711 0.10842293906810035 0.15028901734104047
11 0.625 0.634393063583815 0.0985663082437276 0.15028901734104047
11 0.6272401433691757 0.8106936416184971 0.09229390681003584 0.1416184971098266
12 0.5022401433691757 0.8121387283236994 0.07078853046594982 0.09248554913294797
17 0.12455197132616487 0.5028901734104047 0.11200716845878136 0.12138728323699421
10 0.8521505376344086 0.7933526011560693 0.07526881720430108 0.2023121387283237
16 0.9278673835125448 0.796242774566474 0.05555555555555555 0.15895953757225434
16 0.9314516129032258 0.569364161849711 0.05824372759856631 0.15606936416184972
16 0.8543906810035843 0.5621387283236994 0.053763440860215055 0.1531791907514451
16 0.853494623655914 0.3352601156069364 0.053763440860215055 0.15895953757225434
16 0.928763440860215 0.3439306358381503 0.0528673835125448 0.1676300578034682
4 0.2625448028673835 0.36127167630057805 0.06362007168458782 0.18208092485549132