16 0.9444444444444444 0.6652421652421653 0.05555555555555555 0.15954415954415954
16 0.9417562724014337 0.443019943019943 0.0528673835125448 0.15669515669515668
16 0.9390681003584229 0.21652421652421652 0.0528673835125448 0.16524216524216523
16 0.8633512544802867 0.2207977207977208 0.056451612903225805 0.16809116809116809
16 0.867831541218638 0.45014245014245013 0.053763440860215055 0.1452991452991453
10 0.8700716845878136 0.6937321937321937 0.07616487455197132 0.19658119658119658
11 0.7549283154121864 0.7535612535612536 0.09498207885304659 0.13675213675213677
11 0.753584229390681 0.5740740740740741 0.09498207885304659 0.14814814814814814
11 0.6451612903225806 0.594017094017094 0.10215053763440861 0.1623931623931624
11 0.5313620071684588 0.6168091168091168 0.0967741935483871 0.1339031339031339
11 0.4229390681003584 0.5213675213675214 0.0967741935483871 0.14245014245014245
11 0.4211469534050179 0.349002849002849 0.09408602150537634 0.15954415954415954
11 0.6384408602150538 0.7678062678062678 0.09587813620071685 0.15669515669515668
12 0.5336021505376344 0.7962962962962963 0.07168458781362007 0.09116809116809117
4 0.42786738351254483 0.7535612535612536 0.06899641577060932 0.19943019943019943
17 0.31362007168458783 0.8347578347578347 0.12096774193548387 0.15384615384615385
1 0.1760752688172043 0.8575498575498576 0.11021505376344086 0.14814814814814814
0 0.7473118279569892 0.34615384615384615 0.10842293906810035 0.27350427350427353