16 0.9475806451612904 0.4672364672364672 0.06093189964157706 0.1794871794871795
16 0.9350358422939068 0.24786324786324787 0.05824372759856631 0.17663817663817663
16 0.9229390681003584 0.05982905982905983 0.05913978494623656 0.11965811965811966
16 0.8481182795698925 0.07977207977207977 0.06362007168458782 0.15954415954415954
16 0.8620071684587813 0.28774928774928776 0.05913978494623656 0.16524216524216523
10 0.875 0.5284900284900285 0.08333333333333333 0.22507122507122507
11 0.7634408602150538 0.6396011396011396 0.0985663082437276 0.17663817663817663
11 0.7540322580645161 0.46153846153846156 0.09946236559139784 0.18803418803418803
11 0.6478494623655914 0.5284900284900285 0.10663082437275985 0.2022792022792023
11 0.5362903225806451 0.6025641025641025 0.1003584229390681 0.1737891737891738
11 0.4242831541218638 0.5555555555555556 0.10125448028673835 0.18233618233618235
11 0.4153225806451613 0.38603988603988604 0.0985663082437276 0.19943019943019943
11 0.6487455197132617 0.7037037037037037 0.10125448028673835 0.19658119658119658
12 0.546146953405018 0.7792022792022792 0.07437275985663082 0.1225071225071225
4 0.43951612903225806 0.782051282051282 0.07616487455197132 0.22507122507122507
17 0.3301971326164875 0.9045584045584045 0.12634408602150538 0.18518518518518517
1 0.19489247311827956 0.9487179487179487 0.11559139784946236 0.09686609686609686
0 0.7383512544802867 0.2378917378917379 0.11738351254480286 0.31339031339031337