0 0.25510204081632654 0.5217391304347826 0.09489795918367347 0.21739130434782608
11 0.25255102040816324 0.30869565217391304 0.09183673469387756 0.13333333333333333
11 0.24540816326530612 0.16231884057971013 0.08775510204081632 0.13333333333333333
11 0.3795918367346939 0.2811594202898551 0.09387755102040816 0.12173913043478261
11 0.376530612244898 0.1289855072463768 0.08979591836734693 0.1246376811594203
11 0.5035714285714286 0.10289855072463767 0.08979591836734693 0.12753623188405797
11 0.5081632653061224 0.2492753623188406 0.08877551020408163 0.13043478260869565
11 0.639795918367347 0.23333333333333334 0.09081632653061225 0.1246376811594203
8 0.3846938775510204 0.45217391304347826 0.0836734693877551 0.14492753623188406
4 0.9260204081632653 0.3463768115942029 0.0653061224489796 0.1855072463768116
4 0.9198979591836735 0.08260869565217391 0.0663265306122449 0.16521739130434782
10 0.7571428571428571 0.11884057971014493 0.06938775510204082 0.17681159420289855
6 0.6357142857142857 0.07101449275362319 0.10918367346938776 0.1246376811594203
16 0.14438775510204083 0.6173913043478261 0.05102040816326531 0.14202898550724638
16 0.06836734693877551 0.6376811594202898 0.05612244897959184 0.14492753623188406
16 0.06020408163265306 0.4420289855072464 0.05204081632653061 0.14202898550724638
16 0.058673469387755105 0.24347826086956523 0.05102040816326531 0.14782608695652175
16 0.13418367346938775 0.22753623188405797 0.05102040816326531 0.14782608695652175
16 0.13877551020408163 0.4217391304347826 0.05510204081632653 0.14782608695652175
16 0.7627551020408163 0.391304347826087 0.053061224489795916 0.11884057971014493