16 0.05125 0.7338129496402878 0.06125 0.08273381294964029
16 0.040625 0.6285971223021583 0.05875 0.08453237410071943
16 0.03375 0.5233812949640287 0.065 0.08273381294964029
4 0.959375 0.5116906474820144 0.07375 0.09712230215827339
4 0.9475 0.3606115107913669 0.07375 0.10431654676258993
3 0.778125 0.39748201438848924 0.135 0.12410071942446044
15 0.5275 0.4244604316546763 0.1175 0.10431654676258993
11 0.3725 0.5134892086330936 0.1 0.08093525179856115
11 0.365 0.4370503597122302 0.10625 0.08633093525179857
11 0.23 0.46402877697841727 0.1025 0.08633093525179857
11 0.2375 0.5485611510791367 0.09625 0.08453237410071943
0 0.24625 0.6600719424460432 0.09625 0.1223021582733813