16 0.965 0.3462230215827338 0.055 0.0737410071942446
16 0.966875 0.45323741007194246 0.0525 0.07553956834532374
16 0.965 0.5584532374100719 0.05875 0.0737410071942446
4 0.045 0.40827338129496404 0.0675 0.08633093525179857
4 0.04375 0.560251798561151 0.06625 0.09352517985611511
3 0.215 0.5530575539568345 0.1275 0.10251798561151079
15 0.46625 0.5701438848920863 0.11125 0.08633093525179857
11 0.6275 0.5089928057553957 0.095 0.06474820143884892
11 0.62875 0.5863309352517986 0.10125 0.0683453237410072
11 0.765 0.5827338129496403 0.0975 0.07014388489208633
11 0.764375 0.4982014388489209 0.09125 0.0683453237410072
0 0.765625 0.3857913669064748 0.0875 0.1079136690647482