0 0.525 0.5531309297912713 0.07916666666666666 0.17077798861480076
0 0.54296875 0.32874762808349145 0.071875 0.1698292220113852
11 0.5208333333333334 0.7784629981024668 0.04583333333333333 0.1527514231499051
11 0.4765625 0.75853889943074 0.0421875 0.1413662239089184
11 0.56484375 0.786527514231499 0.04635416666666667 0.14516129032258066
11 0.6078125 0.8055028462998103 0.04739583333333333 0.15180265654648956
11 0.58515625 0.5839658444022771 0.04479166666666667 0.14516129032258066
11 0.6268229166666667 0.5929791271347249 0.04583333333333333 0.1527514231499051
11 0.6067708333333334 0.3519924098671727 0.043229166666666666 0.14516129032258066
12 0.6515625 0.3709677419354839 0.028645833333333332 0.10436432637571158
10 0.6744791666666666 0.0706831119544592 0.05572916666666667 0.05977229601518026