0 0.5302083333333333 0.45635673624288425 0.09583333333333334 0.14895635673624288
0 0.4075520833333333 0.4155597722960152 0.09479166666666666 0.13567362428842505
1 0.8786458333333333 0.3908918406072106 0.09166666666666666 0.08444022770398482
11 0.6533854166666667 0.4715370018975332 0.08489583333333334 0.0872865275142315
11 0.6408854166666667 0.551707779886148 0.078125 0.08064516129032258
11 0.6596354166666667 0.3918406072106262 0.08020833333333334 0.08918406072106262
11 0.6713541666666667 0.31451612903225806 0.08385416666666666 0.09108159392789374
11 0.5489583333333333 0.34772296015180265 0.08020833333333334 0.08633776091081594
11 0.55546875 0.27229601518026564 0.08489583333333334 0.0872865275142315
11 0.42239583333333336 0.3002846299810247 0.08020833333333334 0.08349146110056926
12 0.434375 0.21963946869070208 0.057291666666666664 0.05502846299810247
10 0.24947916666666667 0.15939278937381404 0.07552083333333333 0.11764705882352941
16 0.23125 0.26328273244781786 0.04739583333333333 0.08349146110056926
16 0.21614583333333334 0.36622390891840606 0.051041666666666666 0.08918406072106262
16 0.15026041666666667 0.3415559772296015 0.05520833333333333 0.09772296015180265
16 0.16484375 0.23908918406072105 0.05416666666666667 0.09487666034155598
16 0.18203125 0.14278937381404175 0.05416666666666667 0.09392789373814042
17 0.86796875 0.5360531309297912 0.10520833333333333 0.09867172675521822