0 0.47552083333333334 0.5540796963946869 0.08385416666666666 0.11954459203036052
0 0.6 0.547438330170778 0.084375 0.1062618595825427
1 0.1421875 0.75 0.0875 0.05218216318785579
11 0.353125 0.5858633776091081 0.0796875 0.058823529411764705
11 0.35625 0.5028462998102466 0.0734375 0.054079696394686905
11 0.35625 0.6660341555977229 0.075 0.061669829222011384
11 0.3536458333333333 0.7462049335863378 0.07864583333333333 0.06261859582542695
11 0.46953125 0.6674573055028463 0.075 0.058823529411764705
11 0.471875 0.7438330170777988 0.0796875 0.058823529411764705
11 0.5986979166666667 0.6660341555977229 0.07552083333333333 0.055977229601518026
12 0.59609375 0.7495256166982922 0.0546875 0.03510436432637571
10 0.7838541666666666 0.7381404174573055 0.06614583333333333 0.09487666034155598
16 0.78984375 0.6299810246679317 0.040625 0.06925996204933586
16 0.79296875 0.5232447817836812 0.04375 0.07400379506641366
16 0.86015625 0.5222960151802657 0.046875 0.08159392789373814
16 0.8575520833333333 0.6280834914611005 0.04635416666666667 0.07874762808349146
16 0.8518229166666667 0.7291271347248577 0.04635416666666667 0.0777988614800759
17 0.1359375 0.6038899430740038 0.1 0.06261859582542695