0 0.1558614564831261 0.4324817518248175 0.11012433392539965 0.4051094890510949
1 0.5102131438721137 0.1332116788321168 0.11101243339253997 0.22262773722627738
11 0.8534635879218473 0.6368613138686131 0.09769094138543517 0.22627737226277372
11 0.8623445825932504 0.40693430656934304 0.10568383658969804 0.23722627737226276
11 0.28907637655417406 0.22627737226277372 0.0941385435168739 0.22262773722627738
11 0.1700710479573712 0.14233576642335766 0.10035523978685613 0.23722627737226276
11 0.29706927175843695 0.05474452554744526 0.10035523978685613 0.10948905109489052
12 0.3938721136767318 0.06204379562043796 0.0630550621669627 0.12408759124087591
14 0.5546181172291297 0.7737226277372263 0.16962699822380106 0.3102189781021898
4 0.9422735346358793 0.9014598540145985 0.07815275310834814 0.1897810218978102
4 0.9595914742451155 0.5565693430656934 0.07904085257548846 0.28832116788321166
15 0.6940497335701599 0.3521897810218978 0.11456483126110124 0.28102189781021897
16 0.03907637655417407 0.4781021897810219 0.0630550621669627 0.23722627737226276
16 0.05017761989342807 0.18795620437956204 0.05950266429840142 0.22992700729927007