0 0.17495559502664298 0.8777372262773723 0.11367673179396093 0.23722627737226276
1 0.47602131438721135 0.14416058394160583 0.11190053285968028 0.23722627737226276
11 0.8401420959147424 0.10401459854014598 0.0994671403197158 0.20802919708029197
11 0.2793072824156306 0.5711678832116789 0.09502664298401421 0.23357664233576642
11 0.16119005328596803 0.677007299270073 0.10035523978685613 0.24817518248175183
11 0.15008880994671403 0.4562043795620438 0.10124333925399645 0.2518248175182482
11 0.26598579040852577 0.3448905109489051 0.10035523978685613 0.23357664233576642
12 0.36101243339253997 0.25 0.0630550621669627 0.1386861313868613
14 0.5754884547069272 0.6697080291970803 0.16962699822380106 0.33211678832116787
4 0.9511545293072824 0.2354014598540146 0.07904085257548846 0.291970802919708
15 0.66651865008881 0.10766423357664233 0.11634103019538189 0.21532846715328466
16 0.055062166962699825 0.8886861313868614 0.06216696269982238 0.21532846715328466
16 0.03952042628774423 0.6167883211678832 0.06571936056838366 0.24452554744525548