11 0.2235294117647059 0.19791044776119404 0.16470588235294117 0.08895522388059701
11 0.06666666666666667 0.19611940298507463 0.13333333333333333 0.08656716417910448
11 0.18823529411764706 0.47313432835820896 0.1784313725490196 0.10686567164179105
11 0.3607843137254902 0.46805970149253734 0.17254901960784313 0.09731343283582089
11 0.2852941176470588 0.3325373134328358 0.18235294117647058 0.0991044776119403
11 0.39019607843137255 0.18776119402985075 0.19411764705882353 0.10268656716417911
11 0.5627450980392157 0.18208955223880596 0.1803921568627451 0.10925373134328359
0 0.596078431372549 0.4534328358208955 0.2823529411764706 0.11223880597014925
1 0.2519607843137255 0.6191044776119403 0.18627450980392157 0.11761194029850747
17 0.553921568627451 0.6065671641791045 0.2019607843137255 0.13014925373134328
16 0.861764705882353 0.8128358208955224 0.1784313725490196 0.06447761194029851
16 0.8980392156862745 0.8817910447761194 0.1784313725490196 0.06686567164179104
16 0.6754901960784314 0.891044776119403 0.1803921568627451 0.06686567164179104
16 0.4549019607843137 0.9032835820895523 0.1784313725490196 0.06447761194029851
16 0.6401960784313725 0.8191044776119403 0.17450980392156862 0.060298507462686564
10 0.40294117647058825 0.8283582089552238 0.22941176470588234 0.08716417910447762