11 0.32941176470588235 0.19074626865671643 0.13725490196078433 0.08597014925373134
11 0.15490196078431373 0.18328358208955223 0.1411764705882353 0.08238805970149254
11 0.19901960784313724 0.4632835820895522 0.1450980392156863 0.10388059701492537
11 0.3715686274509804 0.4638805970149254 0.14313725490196078 0.09432835820895523
11 0.3431372549019608 0.32686567164179103 0.15098039215686274 0.0955223880597015
11 0.4980392156862745 0.18597014925373134 0.1627450980392157 0.0991044776119403
11 0.6715686274509803 0.18567164179104478 0.1450980392156863 0.10626865671641791
0 0.611764705882353 0.45671641791044776 0.25098039215686274 0.10567164179104478
1 0.21274509803921568 0.6107462686567164 0.14901960784313725 0.11462686567164179
17 0.5176470588235295 0.6077611940298507 0.1607843137254902 0.1265671641791045
16 0.7519607843137255 0.8226865671641791 0.1607843137254902 0.060298507462686564
16 0.7647058823529411 0.8925373134328358 0.1588235294117647 0.0626865671641791
16 0.5401960784313725 0.8946268656716417 0.1607843137254902 0.0626865671641791
16 0.31666666666666665 0.8997014925373135 0.1607843137254902 0.060298507462686564
16 0.5294117647058824 0.8217910447761194 0.1588235294117647 0.056119402985074625
10 0.2901960784313726 0.8235820895522388 0.20588235294117646 0.0817910447761194