11 0.4 0.18776119402985075 0.12745098039215685 0.08477611940298507
11 0.2284313725490196 0.17671641791044776 0.13137254901960785 0.08119402985074627
11 0.20784313725490197 0.4570149253731343 0.13333333333333333 0.10268656716417911
11 0.3803921568627451 0.46119402985074626 0.13333333333333333 0.09313432835820895
11 0.38333333333333336 0.3238805970149254 0.1411764705882353 0.09432835820895523
11 0.5696078431372549 0.1865671641791045 0.15294117647058825 0.09731343283582089
11 0.7431372549019608 0.19014925373134328 0.13333333333333333 0.10507462686567164
0 0.6205882352941177 0.4591044776119403 0.23921568627450981 0.10328358208955224
1 0.18823529411764706 0.6044776119402985 0.13529411764705881 0.11343283582089553
17 0.4931372549019608 0.6077611940298507 0.14705882352941177 0.1253731343283582
16 0.6774509803921569 0.8271641791044776 0.15490196078431373 0.05850746268656717
16 0.6745098039215687 0.8970149253731343 0.15294117647058825 0.0608955223880597
16 0.45 0.8943283582089552 0.15490196078431373 0.0608955223880597
16 0.22549019607843138 0.8946268656716417 0.15490196078431373 0.05850746268656717
16 0.45588235294117646 0.8214925373134329 0.15294117647058825 0.05432835820895522
10 0.21666666666666667 0.8182089552238806 0.19607843137254902 0.08