10 0.1675 0.049682875264270614 0.08375 0.09936575052854123
16 0.0796875 0.14482029598308668 0.063125 0.19873150105708245
16 0.15 0.20507399577167018 0.05875 0.19238900634249473
16 0.1365625 0.4281183932346723 0.06125 0.19238900634249473
16 0.0665625 0.3752642706131078 0.059375 0.1945031712473573
0 0.2590625 0.43023255813953487 0.109375 0.33192389006342493
1 0.465 0.14587737843551796 0.105 0.1945031712473573
11 0.7640625 0.5813953488372093 0.09875 0.2135306553911205
11 0.754375 0.7505285412262156 0.09375 0.2029598308668076
11 0.7403125 0.9059196617336153 0.099375 0.1839323467230444
11 0.7759375 0.4090909090909091 0.09625 0.2156448202959831
11 0.9115625 0.5126849894291755 0.09875 0.21141649048625794
11 0.9015625 0.6881606765327696 0.088125 0.19661733615221988
11 0.2753125 0.20084566596194503 0.09875 0.20930232558139536
12 0.2853125 0.042283298097251586 0.066875 0.08456659619450317
17 0.443125 0.4513742071881607 0.121875 0.2219873150105708
4 0.883125 0.8995771670190275 0.07625 0.19661733615221988