10 0.139375 0.26215644820295986 0.073125 0.20084566596194503
16 0.066875 0.2748414376321353 0.05375 0.1543340380549683
16 0.066875 0.4989429175475687 0.054375 0.1649048625792812
16 0.139375 0.5 0.05 0.160676532769556
16 0.1421875 0.7272727272727273 0.053125 0.15856236786469344
16 0.070625 0.733615221987315 0.050625 0.16279069767441862
0 0.26125 0.6289640591966174 0.095625 0.2727272727272727
1 0.4409375 0.1849894291754757 0.1 0.12896405919661733
11 0.7621875 0.36257928118393234 0.091875 0.1543340380549683
11 0.7646875 0.5348837209302325 0.0875 0.14376321353065538
11 0.7634375 0.7103594080338267 0.091875 0.15010570824524314
11 0.76125 0.18604651162790697 0.08875 0.15644820295983086
11 0.9003125 0.17547568710359407 0.091875 0.1522198731501057
11 0.903125 0.35306553911205074 0.081875 0.1416490486257928
11 0.260625 0.39323467230443976 0.091875 0.15010570824524314
12 0.2571875 0.20930232558139536 0.063125 0.08456659619450317
17 0.44125 0.4989429175475687 0.11625 0.14376321353065538
4 0.9021875 0.5983086680761099 0.065 0.20718816067653276