16 0.935336048879837 0.6337792642140468 0.054989816700611 0.1505016722408027
16 0.9292260692464358 0.4080267558528428 0.05295315682281059 0.15719063545150502
16 0.924643584521385 0.19063545150501673 0.045824847250509164 0.1505016722408027
17 0.23981670061099797 0.6137123745819398 0.12830957230142567 0.1806020066889632
12 0.7337067209775967 0.745819397993311 0.07128309572301425 0.10702341137123746
11 0.730142566191446 0.5568561872909699 0.09572301425661914 0.15384615384615385
11 0.5162932790224033 0.6036789297658863 0.10386965376782077 0.1605351170568562
11 0.5188391038696538 0.7759197324414716 0.10183299389002037 0.15719063545150502
11 0.37372708757637474 0.5418060200668896 0.09470468431771895 0.16387959866220736
11 0.3711812627291242 0.36622073578595316 0.09368635437881874 0.1605351170568562
0 0.7240325865580448 0.32608695652173914 0.09775967413441955 0.27759197324414714
1 0.37830957230142565 0.8210702341137124 0.11405295315682282 0.17391304347826086
1 0.24389002036659876 0.8511705685618729 0.10386965376782077 0.1705685618729097