10 0.4177183240787481 0.6754507628294036 0.020696617869762745 0.06102635228848821
16 0.41569914184755175 0.6074895977808599 0.020696617869762745 0.04576976421636616
16 0.41620393740535083 0.5450762829403606 0.0176678445229682 0.05131761442441054
16 0.43690055527511357 0.5644937586685159 0.019182231196365473 0.047156726768377254
16 0.43740535083291265 0.628987517337032 0.019182231196365473 0.04854368932038835
16 0.43614336193841496 0.688626907073509 0.0176678445229682 0.047156726768377254
0 0.3339222614840989 0.4868238557558946 0.027763755678950026 0.07905686546463246
1 0.24962140333165067 0.5110957004160888 0.0292781423523473 0.049930651872399444
11 0.3076728924785462 0.47434119278779474 0.024734982332155476 0.04854368932038835
11 0.3071680969207471 0.427877947295423 0.02574457344775366 0.04160887656033287
11 0.2778899545683998 0.4237170596393897 0.023220595658758204 0.04160887656033287
11 0.27763755678950025 0.4694868238557559 0.020696617869762745 0.044382801664355064
11 0.30641090358404843 0.5228848821081831 0.020191822311963654 0.04160887656033287
11 0.3677435638566381 0.5846047156726768 0.02170620898536093 0.047156726768377254
12 0.33568904593639576 0.5998613037447988 0.02120141342756184 0.033287101248266296
12 0.3685007571933367 0.6324549237170597 0.016658253407370014 0.0319001386962552
17 0.2486118122160525 0.42995839112343964 0.02574457344775366 0.04022191400832178