10 0.5812720848056537 0.32038834951456313 0.020191822311963654 0.059639389736477116
16 0.5835436648157496 0.3883495145631068 0.020191822311963654 0.044382801664355064
16 0.5835436648157496 0.4507628294036061 0.017163048965169108 0.049930651872399444
16 0.5625946491670873 0.43273231622746183 0.01867743563856638 0.04576976421636616
16 0.5618374558303887 0.3682385575589459 0.01867743563856638 0.047156726768377254
16 0.5625946491670873 0.30859916782246877 0.017163048965169108 0.04576976421636616
0 0.666077738515901 0.5055478502080444 0.027258960121150935 0.07766990291262135
1 0.7503785966683493 0.47711511789181693 0.028773346794548207 0.04854368932038835
11 0.6925795053003534 0.5166435506241331 0.024230186774356385 0.047156726768377254
11 0.6933366986370519 0.5631067961165048 0.02574457344775366 0.04022191400832178
11 0.7226148409893993 0.565880721220527 0.023220595658758204 0.04022191400832178
11 0.7226148409893993 0.5201109570041609 0.020191822311963654 0.04299583911234397
11 0.6933366986370519 0.4680998613037448 0.019687026754164564 0.04022191400832178
11 0.6317516405855629 0.4091539528432732 0.02120141342756184 0.04576976421636616
12 0.6635537607269056 0.3925104022191401 0.02120141342756184 0.0319001386962552
12 0.6307420494699647 0.36130374479889044 0.016658253407370014 0.030513176144244106
17 0.7518929833417466 0.558252427184466 0.02574457344775366 0.038834951456310676