17 0.4644699140401146 0.5260617760617761 0.12206303724928366 0.21235521235521235
0 0.625214899713467 0.5212355212355212 0.11346704871060172 0.33976833976833976
1 0.4458452722063037 0.22007722007722008 0.10716332378223496 0.19305019305019305
11 0.6080229226361031 0.2924710424710425 0.09684813753581661 0.19884169884169883
11 0.5979942693409742 0.11872586872586872 0.08997134670487106 0.18146718146718147
11 0.8461318051575931 0.12451737451737452 0.08997134670487106 0.20077220077220076
11 0.30830945558739253 0.49903474903474904 0.09684813753581661 0.19305019305019305
11 0.29770773638968484 0.33204633204633205 0.09398280802292264 0.19111969111969113
16 0.2002865329512894 0.9140926640926641 0.057879656160458454 0.16795366795366795
16 0.12979942693409743 0.9382239382239382 0.06361031518624642 0.11969111969111969
16 0.18681948424068767 0.7123552123552124 0.06361031518624642 0.20270270270270271
16 0.12034383954154727 0.752895752895753 0.0670487106017192 0.1969111969111969
16 0.10429799426934097 0.5357142857142857 0.06475644699140401 0.19884169884169883
10 0.17507163323782235 0.4768339768339768 0.0830945558739255 0.25675675675675674
11 0.3303724928366762 0.8436293436293436 0.09799426934097422 0.20077220077220076
11 0.3200573065902579 0.6756756756756757 0.09570200573065903 0.20463320463320464