17 0.5349570200573066 0.4671814671814672 0.12263610315186246 0.22972972972972974
0 0.37449856733524356 0.500965250965251 0.11633237822349571 0.3532818532818533
1 0.5584527220630372 0.7702702702702703 0.10773638968481375 0.21042471042471042
11 0.3954154727793696 0.7258687258687259 0.09742120343839542 0.21235521235521235
11 0.4080229226361031 0.8976833976833977 0.09111747851002866 0.19498069498069498
11 0.16045845272206305 0.9131274131274131 0.09169054441260745 0.16988416988416988
11 0.691404011461318 0.4671814671814672 0.09742120343839542 0.2084942084942085
11 0.7045845272206304 0.6322393822393823 0.09512893982808023 0.20463320463320464
16 0.7931232091690544 0.06177606177606178 0.05959885386819484 0.12355212355212356
16 0.8627507163323782 0.03088803088803089 0.06475644699140401 0.06177606177606178
16 0.8094555873925502 0.23262548262548263 0.06532951289398281 0.21042471042471042
16 0.8753581661891118 0.1805019305019305 0.06876790830945559 0.20656370656370657
16 0.8948424068767908 0.3947876447876448 0.0664756446991404 0.20656370656370657
10 0.8246418338108883 0.46525096525096526 0.08538681948424069 0.26640926640926643
11 0.6641833810888252 0.1274131274131274 0.0991404011461318 0.21428571428571427
11 0.6770773638968481 0.29343629343629346 0.09684813753581661 0.21814671814671815