17 0.46389684813753584 0.48841698841698844 0.11977077363896849 0.17374517374517376
0 0.617191977077364 0.6505791505791506 0.10659025787965616 0.3088803088803089
1 0.47392550143266476 0.1776061776061776 0.10487106017191977 0.16023166023166024
11 0.6217765042979942 0.41505791505791506 0.09398280802292264 0.16988416988416988
11 0.6283667621776504 0.23938223938223938 0.08767908309455587 0.15444015444015444
11 0.8636103151862464 0.5038610038610039 0.08710601719197708 0.17374517374517376
11 0.3177650429799427 0.29922779922779924 0.09398280802292264 0.1640926640926641
11 0.32320916905444125 0.12934362934362933 0.09111747851002866 0.1640926640926641
16 0.17621776504297995 0.5868725868725869 0.053868194842406875 0.16602316602316602
16 0.10429799426934097 0.5656370656370656 0.05902578796561605 0.1718146718146718
16 0.1825214899713467 0.3764478764478765 0.05959885386819484 0.18532818532818532
16 0.1154727793696275 0.34555984555984554 0.06303724928366762 0.17953667953667954
16 0.12034383954154727 0.12162162162162163 0.06017191977077364 0.1833976833976834
10 0.19312320916905446 0.13996138996138996 0.07793696275071633 0.2335907335907336
12 0.8687679083094556 0.3301158301158301 0.06475644699140401 0.10617760617760617
11 0.30716332378223493 0.6505791505791506 0.09570200573065903 0.16988416988416988
11 0.31289398280802294 0.4797297297297297 0.09283667621776505 0.17567567567567569