11 0.5841020075963104 0.5552884615384616 0.08898534997287032 0.24278846153846154
11 0.47097124253933803 0.6466346153846154 0.09061313076505698 0.24519230769230768
11 0.48236570808464463 0.8701923076923077 0.08627238198589257 0.23076923076923078
11 0.32202930005425934 0.9543269230769231 0.08627238198589257 0.08653846153846154
17 0.18366793271839393 0.7512019230769231 0.11828540423223007 0.28125
12 0.5982094411285946 0.7824519230769231 0.0705371676614216 0.16346153846153846
12 0.8014107433532285 0.5997596153846154 0.06402604449267499 0.16105769230769232
16 0.7680412371134021 0.33413461538461536 0.05642973412913728 0.21394230769230768
16 0.8290830168204015 0.2668269230769231 0.05371676614215952 0.21394230769230768
16 0.8879544221378187 0.21394230769230768 0.04612045577862181 0.1971153846153846
0 0.5702658708627238 0.26322115384615385 0.1068909386869235 0.40625