11 0.5702658708627238 0.7139423076923077 0.09007053716766142 0.2548076923076923
11 0.4593054801953337 0.5757211538461539 0.09169831795984808 0.25721153846153844
11 0.4473684210526316 0.7980769230769231 0.08681497558328811 0.24278846153846154
11 0.28811720021703746 0.6237980769230769 0.08627238198589257 0.23317307692307693
17 0.19099294628323385 0.1310096153846154 0.11937059142702117 0.2620192307692308
1 0.1673901247965274 0.5036057692307693 0.09983722192078133 0.25240384615384615
12 0.5604991861096039 0.9278846153846154 0.0716223548562127 0.13942307692307693
16 0.7574606619641888 0.8713942307692307 0.05751492132392838 0.22115384615384615
16 0.8193163320672816 0.9074519230769231 0.05534454693434617 0.18028846153846154
16 0.8773738469886055 0.9459134615384616 0.04774823657080846 0.10336538461538461
0 0.5865436787845903 0.4230769230769231 0.1090613130765057 0.4182692307692308