0 0.4760989010989011 0.5860018298261666 0.06483516483516484 0.12900274473924978
1 0.2879120879120879 0.6596523330283623 0.06813186813186813 0.06404391582799634
11 0.475 0.6729185727355901 0.06703296703296703 0.07502287282708142
11 0.4760989010989011 0.7392497712717292 0.06648351648351648 0.07868252516010979
11 0.3813186813186813 0.6299176578225069 0.057692307692307696 0.06404391582799634
11 0.3804945054945055 0.6999085086916743 0.05934065934065934 0.07227813357731015
17 0.28406593406593406 0.5443732845379688 0.07087912087912088 0.07227813357731015
11 0.16923076923076924 0.5434583714547118 0.05714285714285714 0.06038426349496798
11 0.07774725274725275 0.5041171088746569 0.04945054945054945 0.0585544373284538
11 0.07967032967032966 0.5635864592863677 0.056043956043956046 0.05489478499542543
12 0.17197802197802198 0.6070448307410796 0.03901098901098901 0.043000914913083256
4 0.07527472527472527 0.41537053979871913 0.033516483516483515 0.06678865507776761
16 0.5557692307692308 0.67612076852699 0.035164835164835165 0.06312900274473925
16 0.5546703296703297 0.5892040256175664 0.03736263736263736 0.06587374199451052
16 0.6076923076923076 0.6093321134492223 0.03901098901098901 0.0686184812442818
16 0.6085164835164835 0.6957913998170174 0.03901098901098901 0.06129917657822507
16 0.6076923076923076 0.783623055809698 0.03571428571428571 0.06312900274473925
10 0.5565934065934066 0.7698993595608418 0.04945054945054945 0.08691674290942361