0 0.5535714285714286 0.5320219579139982 0.08296703296703296 0.11893870082342177
1 0.614010989010989 0.8380603842634949 0.04450549450549451 0.11893870082342177
11 0.6054945054945055 0.5265324794144556 0.05054945054945055 0.11802378774016468
11 0.6453296703296704 0.5187557182067704 0.05274725274725275 0.1171088746569076
11 0.5881868131868132 0.6857273559011894 0.043406593406593405 0.10155535224153706
11 0.6299450549450549 0.6806953339432754 0.04835164835164835 0.10430009149130832
17 0.5453296703296703 0.8545288197621226 0.04945054945054945 0.12351326623970722
16 0.6005494505494505 0.3920402561756633 0.04065934065934066 0.06404391582799634
16 0.5486263736263737 0.40164684354986274 0.04285714285714286 0.0677035681610247
16 0.5560439560439561 0.3119853613906679 0.04450549450549451 0.07044830741079597
16 0.6076923076923076 0.302836230558097 0.04010989010989011 0.07044830741079597
16 0.6601648351648352 0.29643183897529735 0.04065934065934066 0.06495882891125343
10 0.6565934065934066 0.38243366880146384 0.056043956043956046 0.08966148215919488