0 0.5340659340659341 0.4240622140896615 0.07967032967032966 0.14821591948764867
1 0.7274725274725274 0.4172003659652333 0.07472527472527472 0.08600182982616651
11 0.5461538461538461 0.3394327538883806 0.07472527472527472 0.0969807868252516
11 0.5532967032967033 0.2744739249771272 0.07472527472527472 0.09972552607502287
11 0.6324175824175824 0.4139981701738335 0.06428571428571428 0.08234217749313816
11 0.6417582417582418 0.3458371454711802 0.06703296703296703 0.09149130832570906
17 0.7167582417582418 0.5315645013723697 0.07857142857142857 0.09515096065873742
11 0.8288461538461539 0.5718206770356816 0.06318681318681318 0.07868252516010979
11 0.9134615384615384 0.6422689844464776 0.05549450549450549 0.07410795974382434
11 0.9189560439560439 0.5832570905763952 0.06153846153846154 0.07319304666056725
12 0.8343406593406594 0.5086916742909423 0.043406593406593405 0.055809698078682524
4 0.904945054945055 0.7296431838975297 0.04120879120879121 0.0768526989935956
16 0.4673076923076923 0.3083257090576395 0.04230769230769231 0.07410795974382434
16 0.4576923076923077 0.3938700823421775 0.04450549450549451 0.0777676120768527
16 0.40824175824175823 0.3559011893870082 0.046703296703296704 0.08051235132662397
16 0.4184065934065934 0.2708142726440988 0.0456043956043956 0.07319304666056725
16 0.42994505494505497 0.18526989935956084 0.04285714285714286 0.07410795974382434
10 0.4782967032967033 0.21637694419030193 0.05934065934065934 0.10247026532479414