17 0.4665203073545554 0.8171641791044776 0.10976948408342481 0.15298507462686567
11 0.1026344676180022 0.38992537313432835 0.09440175631174534 0.15671641791044777
11 0.10537870472008781 0.5746268656716418 0.09659714599341383 0.16417910447761194
4 0.11141602634467618 0.7985074626865671 0.06586169045005488 0.208955223880597
12 0.3210757409440176 0.8414179104477612 0.06695938529088913 0.11567164179104478
11 0.6026344676180022 0.24067164179104478 0.09330406147091108 0.16791044776119404
11 0.6075740944017564 0.4216417910447761 0.09440175631174534 0.15298507462686567
11 0.6053787047200878 0.5951492537313433 0.09110867178924259 0.15671641791044777
11 0.6097694840834248 0.7761194029850746 0.09440175631174534 0.15298507462686567
11 0.7502744237102086 0.7593283582089553 0.09879253567508232 0.16044776119402984
11 0.7491767288693744 0.5764925373134329 0.09001097694840834 0.15671641791044777
0 0.743688254665203 0.33955223880597013 0.10208562019758508 0.291044776119403
16 0.8534577387486278 0.22388059701492538 0.04939626783754116 0.16791044776119404
16 0.929198682766191 0.21082089552238806 0.05817782656421515 0.16044776119402984
16 0.9302963776070252 0.43656716417910446 0.04939626783754116 0.16417910447761194
16 0.9357848518111965 0.6697761194029851 0.054884742041712405 0.16417910447761194
16 0.8611416026344676 0.6847014925373134 0.054884742041712405 0.16417910447761194
16 0.8578485181119648 0.4552238805970149 0.05378704720087816 0.16044776119402984