17 0.4681668496158068 0.8190298507462687 0.10976948408342481 0.16044776119402984
11 0.10208562019758508 0.4123134328358209 0.09440175631174534 0.16417910447761194
11 0.10592755214050494 0.5970149253731343 0.09769484083424808 0.17164179104477612
4 0.11306256860592755 0.8227611940298507 0.06695938529088913 0.2126865671641791
12 0.3227222832052689 0.8526119402985075 0.06805708013172337 0.11940298507462686
11 0.601536772777168 0.23507462686567165 0.09440175631174534 0.17537313432835822
11 0.6070252469813392 0.4141791044776119 0.09440175631174534 0.16044776119402984
11 0.605927552140505 0.5895522388059702 0.09110867178924259 0.16417910447761194
11 0.6114160263446762 0.7686567164179104 0.09440175631174534 0.16044776119402984
11 0.7513721185510428 0.7444029850746269 0.09879253567508232 0.16417910447761194
11 0.7491767288693744 0.5615671641791045 0.09001097694840834 0.16044776119402984
0 0.743139407244786 0.3246268656716418 0.10318331503841932 0.2947761194029851
16 0.8518111964873765 0.20335820895522388 0.050493962678375415 0.17164179104477612
16 0.9275521405049396 0.18470149253731344 0.059275521405049394 0.16044776119402984
16 0.9302963776070252 0.41044776119402987 0.050493962678375415 0.16791044776119404
16 0.9363336992316136 0.6436567164179104 0.05598243688254665 0.16791044776119404
16 0.8622392974753018 0.6623134328358209 0.05598243688254665 0.16791044776119404
16 0.8572996706915478 0.43283582089552236 0.054884742041712405 0.16417910447761194