17 0.5461031833150384 0.20149253731343283 0.11086717892425905 0.16417910447761194
11 0.889132821075741 0.7966417910447762 0.09549945115257959 0.16791044776119404
11 0.893523600439078 0.6138059701492538 0.09769484083424808 0.17537313432835822
4 0.8968166849615807 0.3880597014925373 0.06695938529088913 0.21641791044776118
12 0.6909989023051591 0.2462686567164179 0.06805708013172337 0.12313432835820895
11 0.38748627881448955 0.7089552238805971 0.09440175631174534 0.1791044776119403
11 0.3902305159165752 0.5279850746268657 0.09549945115257959 0.16417910447761194
11 0.3995609220636663 0.35634328358208955 0.09220636663007684 0.16791044776119404
11 0.40285400658616904 0.17537313432835822 0.09549945115257959 0.16417910447761194
11 0.2628979143798024 0.125 0.09989023051591657 0.17164179104477612
11 0.25631174533479695 0.30597014925373134 0.09110867178924259 0.16791044776119404
0 0.2519209659714599 0.5447761194029851 0.10428100987925357 0.29850746268656714
16 0.13885839736553238 0.6063432835820896 0.05159165751920966 0.17537313432835822
16 0.06311745334796927 0.5839552238805971 0.059275521405049394 0.16417910447761194
16 0.07135016465422613 0.36007462686567165 0.050493962678375415 0.17164179104477612
16 0.07574094401756312 0.12686567164179105 0.05598243688254665 0.17164179104477612
16 0.14983534577387486 0.14738805970149255 0.05598243688254665 0.17164179104477612
16 0.1437980241492865 0.375 0.054884742041712405 0.16791044776119404