17 0.691162109375 0.4453376205787781 0.1123046875 0.16720257234726688
11 0.532958984375 0.6406752411575563 0.0859375 0.1527331189710611
11 0.528076171875 0.4742765273311897 0.08837890625 0.15594855305466238
11 0.3818359375 0.42604501607717044 0.0869140625 0.1527331189710611
11 0.37451171875 0.25562700964630225 0.09033203125 0.16720257234726688
11 0.87451171875 0.25241157556270094 0.0947265625 0.17041800643086816
11 0.8701171875 0.08440514469453377 0.0927734375 0.1639871382636656
1 0.682373046875 0.13585209003215434 0.09765625 0.15112540192926044
12 0.52001953125 0.19051446945337622 0.064453125 0.09967845659163987
0 0.388671875 0.6583601286173634 0.0986328125 0.2604501607717042
16 0.1630859375 0.6004823151125402 0.04931640625 0.17041800643086816
16 0.169677734375 0.8263665594855305 0.0556640625 0.16720257234726688
16 0.0966796875 0.8577170418006431 0.05810546875 0.17845659163987138
16 0.08740234375 0.6318327974276527 0.05810546875 0.1832797427652733
16 0.078857421875 0.409967845659164 0.05615234375 0.17363344051446947
10 0.156005859375 0.3633440514469453 0.078125 0.21382636655948553
4 0.8857421875 0.49437299035369775 0.07275390625 0.21382636655948553