10 0.814697265625 0.6988636363636364 0.07861328125 0.21266233766233766
16 0.808349609375 0.23944805194805194 0.04931640625 0.15097402597402598
16 0.881591796875 0.22564935064935066 0.04638671875 0.15097402597402598
16 0.885498046875 0.44886363636363635 0.0537109375 0.15746753246753248
16 0.8896484375 0.6761363636363636 0.04833984375 0.16071428571428573
16 0.81005859375 0.4642857142857143 0.052734375 0.15422077922077923
11 0.68896484375 0.7564935064935064 0.09423828125 0.16233766233766234
11 0.686767578125 0.5876623376623377 0.09423828125 0.15097402597402598
11 0.544677734375 0.6079545454545454 0.091796875 0.1444805194805195
11 0.2861328125 0.827922077922078 0.09326171875 0.1461038961038961
11 0.285888671875 0.650974025974026 0.08984375 0.1525974025974026
11 0.281494140625 0.476461038961039 0.09326171875 0.14935064935064934
11 0.27978515625 0.30438311688311687 0.08935546875 0.1444805194805195
12 0.544921875 0.8043831168831169 0.06640625 0.09415584415584416
12 0.419189453125 0.8311688311688312 0.0673828125 0.09253246753246754
1 0.13818359375 0.8766233766233766 0.10205078125 0.1331168831168831
17 0.133544921875 0.5511363636363636 0.1162109375 0.14285714285714285
0 0.682861328125 0.34983766233766234 0.08740234375 0.237012987012987