10 0.1826171875 0.3530844155844156 0.08154296875 0.22564935064935066
16 0.196044921875 0.810064935064935 0.0517578125 0.1590909090909091
16 0.123291015625 0.8376623376623377 0.048828125 0.15746753246753248
16 0.11572265625 0.614448051948052 0.0556640625 0.16558441558441558
16 0.108154296875 0.3887987012987013 0.05029296875 0.1672077922077922
16 0.19091796875 0.5868506493506493 0.0546875 0.16233766233766234
11 0.307373046875 0.273538961038961 0.09619140625 0.17694805194805194
11 0.31201171875 0.44155844155844154 0.09619140625 0.16558441558441558
11 0.45361328125 0.3969155844155844 0.09326171875 0.1590909090909091
11 0.708251953125 0.1314935064935065 0.0947265625 0.16071428571428573
11 0.71142578125 0.30844155844155846 0.091796875 0.1672077922077922
11 0.718505859375 0.48214285714285715 0.09521484375 0.16396103896103897
11 0.722900390625 0.6542207792207793 0.0908203125 0.1590909090909091
12 0.450439453125 0.200487012987013 0.06787109375 0.10551948051948051
12 0.575439453125 0.15178571428571427 0.068359375 0.1038961038961039
1 0.855224609375 0.06655844155844155 0.10400390625 0.1331168831168831
17 0.864990234375 0.3823051948051948 0.11767578125 0.16233766233766234
0 0.319580078125 0.6785714285714286 0.09033203125 0.25