0 0.39066529138731304 0.6770833333333334 0.10675605982465189 0.2916666666666667
1 0.8488911810211449 0.03732638888888889 0.10624033006704486 0.07465277777777778
11 0.6181021144920061 0.6640625 0.0964414646725116 0.1875
11 0.7328519855595668 0.5199652777777778 0.09747292418772563 0.1840277777777778
11 0.721763795771016 0.3376736111111111 0.0964414646725116 0.1857638888888889
11 0.6083032490974729 0.4939236111111111 0.09953584321815369 0.1857638888888889
11 0.5974729241877257 0.3263888888888889 0.09541000515729757 0.18229166666666666
11 0.5917998968540484 0.1467013888888889 0.09489427539969056 0.1857638888888889
11 0.49535843218153686 0.3732638888888889 0.10056730273336771 0.2013888888888889
11 0.38292934502320786 0.4435763888888889 0.09747292418772563 0.1840277777777778
12 0.48633316142341415 0.1987847222222222 0.07271789582258896 0.125
12 0.3733883445074781 0.2647569444444444 0.07735946364105209 0.1388888888888889
16 0.18102114492006188 0.6640625 0.05776173285198556 0.16319444444444445
16 0.1928829293450232 0.8923611111111112 0.05415162454873646 0.1736111111111111
16 0.1260959257349149 0.921875 0.0593089221248066 0.1527777777777778
16 0.10907684373388345 0.7135416666666666 0.05827746260959257 0.1736111111111111
16 0.09953584321815369 0.4947916666666667 0.05621454357916452 0.18055555555555555
17 0.8648788035069623 0.2916666666666667 0.13047962867457452 0.203125
10 0.17148014440433212 0.4375 0.0778751933986591 0.2378472222222222