0 0.7522842639593909 0.51 0.09644670050761421 0.2833333333333333
1 0.45685279187817257 0.7883333333333333 0.10964467005076142 0.18
11 0.1081218274111675 0.315 0.10152284263959391 0.18
11 0.11370558375634518 0.15 0.09340101522842639 0.17666666666666667
11 0.6192893401015228 0.32 0.10253807106598985 0.18
11 0.6116751269035533 0.4866666666666667 0.09746192893401015 0.18333333333333332
11 0.6 0.66 0.09949238578680203 0.19666666666666666
11 0.5954314720812183 0.8283333333333334 0.09847715736040609 0.18333333333333332
11 0.7370558375634517 0.9033333333333333 0.10152284263959391 0.18
11 0.7401015228426396 0.7316666666666667 0.09441624365482233 0.18666666666666668
14 0.2685279187817259 0.6816666666666666 0.16243654822335024 0.23666666666666666
16 0.8654822335025381 0.4583333333333333 0.05177664974619289 0.18
16 0.9416243654822335 0.495 0.04568527918781726 0.17333333333333334
16 0.9345177664974619 0.7166666666666667 0.05279187817258883 0.19
16 0.8639593908629442 0.6783333333333333 0.05279187817258883 0.17333333333333334
16 0.8461928934010152 0.9016666666666666 0.06294416243654823 0.19
16 0.9238578680203046 0.9216666666666666 0.05888324873096447 0.15
4 0.09543147208121827 0.5366666666666666 0.07614213197969544 0.21333333333333335