0 0.24923857868020305 0.4033333333333333 0.10253807106598985 0.31
1 0.5517766497461929 0.22833333333333333 0.1116751269035533 0.21333333333333335
11 0.883756345177665 0.8183333333333334 0.10355329949238579 0.21
11 0.8736040609137056 0.9366666666666666 0.09644670050761421 0.12
11 0.3756345177664975 0.6383333333333333 0.10456852791878173 0.21
11 0.3883248730964467 0.475 0.10050761421319797 0.21333333333333335
11 0.40609137055837563 0.30666666666666664 0.10253807106598985 0.22666666666666666
11 0.4152284263959391 0.14 0.10152284263959391 0.21333333333333335
11 0.27766497461928935 0.06166666666666667 0.10456852791878173 0.12333333333333334
11 0.2685279187817259 0.18666666666666668 0.09746192893401015 0.21333333333333335
14 0.7355329949238578 0.4 0.16446700507614212 0.2866666666666667
16 0.1350253807106599 0.4166666666666667 0.05583756345177665 0.19
16 0.06091370558375635 0.35333333333333333 0.049746192893401014 0.18333333333333332
16 0.07461928934010152 0.135 0.05685279187817259 0.2
16 0.14365482233502538 0.19833333333333333 0.05685279187817259 0.18666666666666668
16 0.16903553299492385 0.043333333333333335 0.06802030456852792 0.08666666666666667
4 0.9035532994923858 0.6016666666666667 0.08020304568527918 0.23333333333333334