10 0.8707165109034268 0.49312714776632305 0.0778816199376947 0.22336769759450173
16 0.942367601246106 0.42439862542955326 0.058151609553478714 0.1718213058419244
16 0.9257528556593977 0.20790378006872853 0.05711318795430945 0.17525773195876287
16 0.8541017653167186 0.25601374570446733 0.060228452751817235 0.18900343642611683
16 0.8374870197300104 0.070446735395189 0.059190031152647975 0.140893470790378
16 0.9096573208722741 0.03951890034364261 0.06438213914849429 0.07903780068728522
12 0.764797507788162 0.6099656357388317 0.07892004153686397 0.16151202749140894
11 0.7507788161993769 0.4415807560137457 0.09034267912772585 0.19243986254295534
11 0.6277258566978193 0.5189003436426117 0.11007268951194185 0.21993127147766323
11 0.642263759086189 0.6907216494845361 0.11941848390446522 0.23024054982817868
11 0.4698857736240914 0.8144329896907216 0.1059190031152648 0.1958762886597938
11 0.33696780893042577 0.7027491408934707 0.102803738317757 0.19931271477663232
11 0.3260643821391485 0.5395189003436426 0.10072689511941849 0.20618556701030927
11 0.1256490134994808 0.5137457044673539 0.10488058151609553 0.20618556701030927
11 0.1375908618899273 0.6855670103092784 0.10176531671858775 0.21649484536082475
11 0.14797507788161993 0.852233676975945 0.102803738317757 0.2027491408934708
11 0.15472481827622014 0.9621993127147767 0.09553478712357218 0.06872852233676977
1 0.34994807892004154 0.9054982817869416 0.11007268951194185 0.18213058419243985
0 0.7388369678089304 0.21305841924398625 0.10695742471443406 0.3127147766323024