10 0.8686396677050883 0.6202749140893471 0.07268951194184839 0.20618556701030927
16 0.942367601246106 0.5773195876288659 0.055036344755970926 0.15807560137457044
16 0.9325025960539979 0.3556701030927835 0.0529595015576324 0.16151202749140894
16 0.8598130841121495 0.3797250859106529 0.05711318795430945 0.17525773195876287
16 0.8499480789200415 0.15807560137457044 0.05399792315680166 0.18213058419243985
16 0.9236760124610592 0.12886597938144329 0.059190031152647975 0.1718213058419244
12 0.7596053997923157 0.7010309278350515 0.07684319833852545 0.13745704467353953
11 0.7512980269989615 0.5274914089347079 0.08722741433021806 0.16494845360824742
11 0.6261682242990654 0.563573883161512 0.10695742471443406 0.18556701030927836
11 0.6355140186915887 0.738831615120275 0.11630321910695743 0.1958762886597938
11 0.46002076843198336 0.802405498281787 0.102803738317757 0.16494845360824742
11 0.3312564901349948 0.6443298969072165 0.10072689511941849 0.1718213058419244
11 0.32554517133956384 0.4793814432989691 0.0976116303219107 0.17525773195876287
11 0.1272066458982347 0.3848797250859107 0.102803738317757 0.17525773195876287
11 0.13395638629283488 0.5601374570446735 0.09865005192107996 0.18556701030927836
11 0.13862928348909656 0.7285223367697594 0.10072689511941849 0.1718213058419244
11 0.14018691588785046 0.9037800687285223 0.09241952232606439 0.16838487972508592
1 0.33696780893042577 0.8608247422680413 0.10695742471443406 0.16838487972508592
0 0.7466251298026999 0.2972508591065292 0.10072689511941849 0.2852233676975945