10 0.8681204569055037 0.6426116838487973 0.07165109034267912 0.19931271477663232
16 0.9418483904465212 0.6030927835051546 0.05399792315680166 0.15463917525773196
16 0.9330218068535826 0.38144329896907214 0.05192107995846314 0.15807560137457044
16 0.8608515057113187 0.40034364261168387 0.056074766355140186 0.1718213058419244
16 0.8515057113187954 0.17869415807560138 0.0529595015576324 0.17869415807560138
16 0.9252336448598131 0.15292096219931273 0.059190031152647975 0.16838487972508592
12 0.7585669781931464 0.7164948453608248 0.07684319833852545 0.13402061855670103
11 0.7512980269989615 0.5429553264604811 0.08618899273104881 0.16151202749140894
11 0.6256490134994808 0.570446735395189 0.1059190031152648 0.17869415807560138
11 0.6344755970924195 0.7474226804123711 0.11630321910695743 0.18900343642611683
11 0.45846313603322947 0.8006872852233677 0.102803738317757 0.15807560137457044
11 0.3307372793354102 0.6357388316151202 0.09968847352024922 0.16494845360824742
11 0.32554517133956384 0.4690721649484536 0.09657320872274143 0.1718213058419244
11 0.1277258566978193 0.36254295532646047 0.10176531671858775 0.16838487972508592
11 0.13343717549325027 0.5395189003436426 0.09865005192107996 0.18213058419243985
11 0.1375908618899273 0.7079037800687286 0.09968847352024922 0.16838487972508592
11 0.13811007268951195 0.8831615120274914 0.09138110072689512 0.16151202749140894
1 0.3354101765316719 0.8505154639175257 0.1059190031152648 0.16151202749140894
0 0.7476635514018691 0.31099656357388317 0.09968847352024922 0.281786941580756