2 0.6657407407407407 0.3763888888888889 0.06759259259259259 0.08148148148148149
4 0.5273148148148148 0.3902777777777778 0.04259259259259259 0.03611111111111111
4 0.5254629629629629 0.35462962962962963 0.03888888888888889 0.032407407407407406
11 0.31851851851851853 0.4050925925925926 0.041666666666666664 0.028703703703703703
11 0.31157407407407406 0.3837962962962963 0.040740740740740744 0.025
11 0.2712962962962963 0.38842592592592595 0.03796296296296296 0.018518518518518517
11 0.2722222222222222 0.4074074074074074 0.03888888888888889 0.024074074074074074
0 0.2791666666666667 0.4356481481481482 0.03981481481481482 0.03425925925925926
15 0.3611111111111111 0.3824074074074074 0.05092592592592592 0.03425925925925926
14 0.45231481481481484 0.36203703703703705 0.075 0.03796296296296296
16 0.23842592592592593 0.45601851851851855 0.030555555555555555 0.025925925925925925
16 0.2361111111111111 0.4300925925925926 0.028703703703703703 0.028703703703703703
16 0.2324074074074074 0.4046296296296296 0.02962962962962963 0.023148148148148147