2 0.3675925925925926 0.34074074074074073 0.08333333333333333 0.07037037037037037
4 0.3888888888888889 0.4787037037037037 0.037037037037037035 0.044444444444444446
4 0.3537037037037037 0.4824074074074074 0.03425925925925926 0.03981481481481482
11 0.41435185185185186 0.6865740740740741 0.030555555555555555 0.04259259259259259
11 0.3939814814814815 0.6939814814814815 0.026851851851851852 0.040740740740740744
11 0.4009259259259259 0.7342592592592593 0.020370370370370372 0.03796296296296296
11 0.41944444444444445 0.7319444444444444 0.025925925925925925 0.03888888888888889
0 0.44722222222222224 0.7240740740740741 0.03611111111111111 0.040740740740740744
15 0.38981481481481484 0.6449074074074074 0.03611111111111111 0.05185185185185185
14 0.3648148148148148 0.5550925925925926 0.040740740740740744 0.07592592592592592
16 0.46944444444444444 0.763425925925926 0.026851851851851852 0.03148148148148148
16 0.4439814814814815 0.7671296296296296 0.02962962962962963 0.030555555555555555
16 0.41898148148148145 0.7722222222222223 0.024074074074074074 0.02962962962962963