2 0.5930555555555556 0.6847222222222222 0.07592592592592592 0.06018518518518518
4 0.6037037037037037 0.5458333333333333 0.03148148148148148 0.03981481481481482
4 0.638425925925926 0.5504629629629629 0.028703703703703703 0.03611111111111111
11 0.625 0.3375 0.024074074074074074 0.03981481481481482
11 0.6472222222222223 0.3347222222222222 0.021296296296296296 0.03888888888888889
11 0.649537037037037 0.29398148148148145 0.014814814814814815 0.03611111111111111
11 0.6305555555555555 0.29212962962962963 0.020370370370370372 0.037037037037037035
0 0.6018518518518519 0.2935185185185185 0.030555555555555555 0.037037037037037035
15 0.6398148148148148 0.38333333333333336 0.02962962962962963 0.04814814814814815
14 0.6439814814814815 0.47685185185185186 0.030555555555555555 0.07314814814814814
16 0.5888888888888889 0.25 0.023148148148148147 0.028703703703703703
16 0.6148148148148148 0.2523148148148148 0.025925925925925925 0.026851851851851852
16 0.6402777777777777 0.25277777777777777 0.020370370370370372 0.027777777777777776