16 0.561734693877551 0.23112244897959183 0.03469387755102041 0.03775510204081633
16 0.5943877551020408 0.22551020408163266 0.030612244897959183 0.03469387755102041
16 0.6265306122448979 0.21479591836734693 0.0326530612244898 0.03571428571428571
11 0.6183673469387755 0.2785714285714286 0.03163265306122449 0.05102040816326531
11 0.6448979591836734 0.2724489795918367 0.03163265306122449 0.05102040816326531
11 0.6576530612244897 0.33214285714285713 0.030612244897959183 0.05510204081632653
11 0.6326530612244898 0.3392857142857143 0.030612244897959183 0.05102040816326531
2 0.6989795918367347 0.851530612244898 0.10204081632653061 0.09285714285714286
4 0.6561224489795918 0.6193877551020408 0.04693877551020408 0.04591836734693878
4 0.6994897959183674 0.6147959183673469 0.04591836734693878 0.04795918367346939
15 0.6642857142857143 0.4163265306122449 0.03979591836734694 0.06326530612244897
1 0.6913265306122449 0.5112244897959184 0.03571428571428571 0.061224489795918366
0 0.5857142857142857 0.2816326530612245 0.05 0.05918367346938776