16 0.7173469387755103 0.6693877551020408 0.03877551020408163 0.03571428571428571
16 0.7091836734693877 0.701530612244898 0.03571428571428571 0.0326530612244898
16 0.7045918367346938 0.735204081632653 0.036734693877551024 0.0336734693877551
11 0.6505102040816326 0.7010204081632653 0.05102040816326531 0.0336734693877551
11 0.6454081632653061 0.7275510204081632 0.05204081632653061 0.0336734693877551
11 0.5857142857142857 0.7137755102040816 0.05612244897959184 0.0336734693877551
11 0.5897959183673469 0.688265306122449 0.05204081632653061 0.0326530612244898
2 0.09744897959183674 0.5316326530612245 0.09693877551020408 0.10510204081632653
4 0.32602040816326533 0.5913265306122449 0.04693877551020408 0.04795918367346939
4 0.3112244897959184 0.6321428571428571 0.05 0.04795918367346939
15 0.5066326530612245 0.6841836734693878 0.06428571428571428 0.04183673469387755
1 0.4091836734693878 0.6688775510204081 0.061224489795918366 0.03877551020408163
0 0.661734693877551 0.6704081632653062 0.06020408163265306 0.05204081632653061