16 0.7724489795918368 0.5428571428571428 0.03877551020408163 0.03571428571428571
16 0.7806122448979592 0.575 0.03571428571428571 0.0326530612244898
16 0.7933673469387755 0.6061224489795919 0.036734693877551024 0.03469387755102041
11 0.7290816326530613 0.6030612244897959 0.05102040816326531 0.03469387755102041
11 0.7372448979591837 0.6285714285714286 0.05204081632653061 0.0336734693877551
11 0.6785714285714286 0.6454081632653061 0.05612244897959184 0.0336734693877551
11 0.6698979591836735 0.6209183673469387 0.05204081632653061 0.0326530612244898
2 0.16326530612244897 0.7229591836734693 0.09795918367346938 0.10612244897959183
4 0.39183673469387753 0.6642857142857143 0.04795918367346939 0.04897959183673469
4 0.3989795918367347 0.7071428571428572 0.05 0.04795918367346939
15 0.5948979591836735 0.6576530612244897 0.06428571428571428 0.04285714285714286
1 0.5020408163265306 0.6918367346938775 0.06224489795918367 0.03979591836734694
0 0.7239795918367347 0.5704081632653061 0.061224489795918366 0.053061224489795916