16 0.33076923076923076 0.4115384615384615 0.038461538461538464 0.027692307692307693
16 0.33 0.38153846153846155 0.033846153846153845 0.026153846153846153
16 0.3269230769230769 0.35384615384615387 0.03076923076923077 0.026153846153846153
16 0.2946153846153846 0.3546153846153846 0.03076923076923077 0.024615384615384615
16 0.2969230769230769 0.38384615384615384 0.03538461538461538 0.023076923076923078
16 0.2976923076923077 0.41384615384615386 0.024615384615384615 0.024615384615384615
15 0.5161538461538462 0.38384615384615384 0.04923076923076923 0.03538461538461538
15 0.2076923076923077 0.5776923076923077 0.03538461538461538 0.052307692307692305
13 0.1930769230769231 0.42615384615384616 0.04461538461538461 0.07846153846153846
1 0.20692307692307693 0.5069230769230769 0.033846153846153845 0.04923076923076923
0 0.3776923076923077 0.39692307692307693 0.04923076923076923 0.046153846153846156
14 0.5107692307692308 0.33076923076923076 0.08153846153846153 0.036923076923076927
1 0.6038461538461538 0.3169230769230769 0.05692307692307692 0.03076923076923077
10 0.6046153846153847 0.34923076923076923 0.04 0.03076923076923077
2 0.7907692307692308 0.3476923076923077 0.06461538461538462 0.07846153846153846
4 0.6684615384615384 0.3638461538461538 0.036923076923076927 0.03538461538461538