16 0.6361538461538462 0.36615384615384616 0.03076923076923077 0.04
16 0.6653846153846154 0.37461538461538463 0.02923076923076923 0.036923076923076927
16 0.6923076923076923 0.38076923076923075 0.02923076923076923 0.033846153846153845
16 0.7015384615384616 0.34923076923076923 0.027692307692307693 0.03230769230769231
16 0.6730769230769231 0.3423076923076923 0.026153846153846153 0.036923076923076927
16 0.6446153846153846 0.33384615384615385 0.027692307692307693 0.027692307692307693
15 0.6053846153846154 0.5515384615384615 0.04 0.052307692307692305
15 0.5161538461538462 0.1976923076923077 0.05384615384615385 0.04
13 0.6646153846153846 0.23076923076923078 0.08153846153846153 0.052307692307692305
1 0.5838461538461538 0.21923076923076923 0.05076923076923077 0.038461538461538464
0 0.6361538461538462 0.4153846153846154 0.04923076923076923 0.052307692307692305
14 0.6576923076923077 0.5623076923076923 0.04461538461538461 0.08307692307692308
1 0.6423076923076924 0.6553846153846153 0.03538461538461538 0.06
10 0.6115384615384616 0.6461538461538462 0.03538461538461538 0.04153846153846154
2 0.5546153846153846 0.8238461538461539 0.08307692307692308 0.07076923076923076
4 0.5776923076923077 0.7023076923076923 0.038461538461538464 0.04