16 0.6661538461538462 0.5938461538461538 0.036923076923076927 0.027692307692307693
16 0.6661538461538462 0.6238461538461538 0.033846153846153845 0.024615384615384615
16 0.6676923076923077 0.6515384615384615 0.03076923076923077 0.024615384615384615
16 0.7 0.6523076923076923 0.03076923076923077 0.023076923076923078
16 0.6992307692307692 0.6230769230769231 0.03538461538461538 0.023076923076923078
16 0.6992307692307692 0.5930769230769231 0.024615384615384615 0.024615384615384615
15 0.47923076923076924 0.6153846153846154 0.047692307692307694 0.033846153846153845
15 0.7953846153846154 0.4323076923076923 0.033846153846153845 0.05076923076923077
13 0.8046153846153846 0.5846153846153846 0.04153846153846154 0.07846153846153846
1 0.7930769230769231 0.5030769230769231 0.03230769230769231 0.047692307692307694
0 0.6184615384615385 0.6076923076923076 0.047692307692307694 0.04461538461538461
14 0.48307692307692307 0.6684615384615384 0.08 0.03538461538461538
1 0.39 0.68 0.05692307692307692 0.027692307692307693
10 0.39 0.6469230769230769 0.038461538461538464 0.03076923076923077
2 0.20384615384615384 0.6415384615384615 0.06153846153846154 0.07538461538461538
4 0.3269230769230769 0.63 0.03538461538461538 0.033846153846153845