0 0.6787175989085948 0.3448905109489051 0.09140518417462483 0.19708029197080293
11 0.6814461118690314 0.5437956204379562 0.09822646657571624 0.09854014598540146
11 0.6834924965893588 0.6879562043795621 0.09549795361527967 0.11678832116788321
11 0.3758526603001364 0.7025547445255474 0.09549795361527967 0.11313868613138686
11 0.378581173260573 0.5638686131386861 0.0927694406548431 0.11313868613138686
11 0.09754433833560709 0.5711678832116789 0.09140518417462483 0.11313868613138686
11 0.09618008185538882 0.7171532846715328 0.09140518417462483 0.11678832116788321
10 0.2421555252387449 0.6514598540145985 0.06548431105047749 0.18248175182481752
16 0.8015006821282401 0.26824817518248173 0.06684856753069578 0.14233576642335766
16 0.8792633015006821 0.2664233576642336 0.05184174624829468 0.14233576642335766
16 0.8813096862210096 0.4562043795620438 0.058663028649386086 0.1386861313868613
16 0.8021828103683493 0.4562043795620438 0.05320600272851296 0.12408759124087591
16 0.8049113233287858 0.6441605839416058 0.047748976807639835 0.12773722627737227
16 0.8813096862210096 0.6459854014598541 0.0572987721691678 0.13503649635036497
4 0.09754433833560709 0.3722627737226277 0.061391541609822645 0.15693430656934307
0 0.37312414733969984 0.3594890510948905 0.09686221009549795 0.20072992700729927
8 0.5259208731241474 0.3722627737226277 0.09140518417462483 0.13138686131386862
6 0.5272851296043656 0.5145985401459854 0.11050477489768076 0.10583941605839416
6 0.5306957708049114 0.6697080291970803 0.11050477489768076 0.10948905109489052