0 0.32605729877216916 0.6879562043795621 0.09549795361527967 0.21532846715328466
11 0.3171896316507503 0.48905109489051096 0.1009549795361528 0.11678832116788321
11 0.31241473396998637 0.3467153284671533 0.09686221009549795 0.13503649635036497
11 0.6186903137789904 0.2737226277372263 0.09686221009549795 0.13138686131386862
11 0.6200545702592087 0.4142335766423358 0.0941336971350614 0.13138686131386862
11 0.8997271487039563 0.354014598540146 0.0927694406548431 0.13138686131386862
11 0.8969986357435198 0.20802919708029197 0.0927694406548431 0.13503649635036497
10 0.7530695770804912 0.3010948905109489 0.06957708049113233 0.19343065693430658
16 0.2053206002728513 0.7864963503649635 0.06957708049113233 0.15328467153284672
16 0.1275579809004093 0.8029197080291971 0.054570259208731244 0.14963503649635038
16 0.12073669849931787 0.614963503649635 0.061391541609822645 0.14963503649635038
16 0.19986357435197818 0.6003649635036497 0.05593451568894952 0.13138686131386862
16 0.19167803547066847 0.4124087591240876 0.0504774897680764 0.13503649635036497
16 0.11527967257844475 0.4251824817518248 0.06002728512960437 0.14233576642335766
4 0.9051841746248295 0.551094890510949 0.06412005457025921 0.1678832116788321
0 0.6302864938608458 0.6167883211678832 0.1009549795361528 0.21897810218978103
8 0.47748976807639837 0.6313868613138686 0.0941336971350614 0.14963503649635038
6 0.47203274215552526 0.4908759124087591 0.11323328785811733 0.12773722627737227
6 0.46521145975443384 0.3357664233576642 0.11323328785811733 0.13138686131386862