0 0.6725784447476125 0.30474452554744524 0.09686221009549795 0.21897810218978103
11 0.6828103683492497 0.5018248175182481 0.1009549795361528 0.12043795620437957
11 0.6889495225102319 0.6441605839416058 0.09822646657571624 0.1386861313868613
11 0.38267394270122784 0.7317518248175182 0.09822646657571624 0.13503649635036497
11 0.3806275579809004 0.593065693430657 0.09549795361527967 0.13503649635036497
11 0.1009549795361528 0.666058394160584 0.0941336971350614 0.13503649635036497
11 0.10504774897680765 0.8102189781021898 0.0941336971350614 0.1386861313868613
10 0.24829467939972716 0.7098540145985401 0.07094133697135062 0.19708029197080293
16 0.7926330150068213 0.1989051094890511 0.07094133697135062 0.15693430656934307
16 0.8703956343792633 0.17883211678832117 0.05593451568894952 0.15328467153284672
16 0.8778990450204639 0.3686131386861314 0.06275579809004093 0.14963503649635038
16 0.7994542974079127 0.38686131386861317 0.05593451568894952 0.13503649635036497
16 0.8090040927694406 0.572992700729927 0.0504774897680764 0.13503649635036497
16 0.8847203274215553 0.5565693430656934 0.061391541609822645 0.145985401459854
4 0.09481582537517053 0.46715328467153283 0.06548431105047749 0.1678832116788321
0 0.369031377899045 0.3905109489051095 0.10231923601637108 0.22262773722627738
8 0.5218281036834925 0.36678832116788324 0.0941336971350614 0.15328467153284672
6 0.5279672578444747 0.5091240875912408 0.11323328785811733 0.13138686131386862
6 0.5361527967257844 0.6624087591240876 0.1145975443383356 0.13503649635036497