10 0.1975 0.8101092896174863 0.06875 0.07240437158469945
0 0.284375 0.9275956284153005 0.09375 0.0778688524590164
11 0.735 0.9316939890710383 0.07375 0.050546448087431695
11 0.7275 0.9733606557377049 0.08 0.050546448087431695
11 0.509375 0.9849726775956285 0.07625 0.0273224043715847
11 0.5175 0.9556010928961749 0.07875 0.05191256830601093
1 0.528125 0.8790983606557377 0.0925 0.060109289617486336
11 0.4 0.894808743169399 0.07 0.05327868852459016
11 0.29375 0.8715846994535519 0.075 0.05191256830601093
11 0.301875 0.8271857923497268 0.08125 0.056010928961748634
12 0.40875 0.8490437158469946 0.05375 0.03961748633879782
16 0.185625 0.8729508196721312 0.05125 0.050546448087431695
16 0.17875 0.9200819672131147 0.04625 0.030054644808743168
16 0.12 0.9057377049180327 0.04875 0.030054644808743168
16 0.124375 0.8586065573770492 0.05375 0.05327868852459016
16 0.13875 0.8025956284153005 0.05 0.05874316939890711