4 0.9175 0.8674863387978142 0.065 0.06420765027322405
10 0.365625 0.9289617486338798 0.07 0.07377049180327869
0 0.493125 0.9726775956284153 0.09625 0.05191256830601093
11 0.8925 0.7602459016393442 0.075 0.05191256830601093
11 0.905 0.8032786885245902 0.08 0.05874316939890711
11 0.72125 0.9337431693989071 0.07625 0.05327868852459016
11 0.71125 0.8934426229508197 0.07875 0.05327868852459016
1 0.688125 0.8203551912568307 0.0925 0.06284153005464481
11 0.58125 0.8995901639344263 0.07125 0.0546448087431694
11 0.4775 0.9337431693989071 0.07625 0.0546448087431694
11 0.465625 0.8907103825136612 0.08125 0.05874316939890711
12 0.569375 0.855191256830601 0.05375 0.040983606557377046
16 0.383125 0.9815573770491803 0.05375 0.03415300546448088
16 0.323125 0.9904371584699454 0.05625 0.01639344262295082
16 0.31125 0.9528688524590164 0.05125 0.05874316939890711