4 0.80125 0.9781420765027322 0.0575 0.040983606557377046
10 0.256875 0.8674863387978142 0.06 0.06284153005464481
0 0.363125 0.9644808743169399 0.085 0.06147540983606557
11 0.805625 0.8743169398907104 0.07 0.036885245901639344
11 0.80625 0.9193989071038251 0.07375 0.04234972677595628
11 0.59625 0.9829234972677595 0.0725 0.031420765027322405
11 0.59625 0.9439890710382514 0.075 0.036885245901639344
1 0.59375 0.8668032786885246 0.0875 0.04234972677595628
11 0.470625 0.9084699453551912 0.065 0.040983606557377046
11 0.3625 0.9077868852459017 0.07125 0.03825136612021858
11 0.3625 0.8627049180327869 0.07625 0.040983606557377046
12 0.47125 0.8620218579234973 0.05 0.030054644808743168
16 0.256875 0.9316939890710383 0.045 0.04234972677595628
16 0.258125 0.9795081967213115 0.04375 0.02185792349726776
16 0.1975 0.9781420765027322 0.04625 0.020491803278688523
16 0.194375 0.930327868852459 0.0475 0.04371584699453552
16 0.19875 0.8722677595628415 0.0425 0.050546448087431695