16 0.468125 0.9865728900255755 0.05125 0.024296675191815855
16 0.4675 0.94693094629156 0.05125 0.04859335038363171
16 0.455625 0.9002557544757033 0.04125 0.04092071611253197
11 0.5775 0.9066496163682864 0.06875 0.043478260869565216
11 0.573125 0.8682864450127877 0.07375 0.04731457800511509
4 0.989375 0.8101023017902813 0.01875 0.052429667519181586
1 0.910625 0.809462915601023 0.07625 0.03964194373401535
17 0.796875 0.828005115089514 0.07875 0.04219948849104859
11 0.694375 0.8861892583120204 0.065 0.04219948849104859
11 0.6875 0.8497442455242967 0.0675 0.04092071611253197
0 0.585625 0.9533248081841432 0.075 0.06905370843989769