16 0.97 0.6176470588235294 0.0325 0.04731457800511509
16 0.924375 0.610613810741688 0.0425 0.04731457800511509
16 0.8775 0.6144501278772379 0.03625 0.0370843989769821
11 0.905 0.49232736572890023 0.03375 0.06649616368286446
11 0.866875 0.4904092071611253 0.0375 0.07033248081841433
4 0.886875 0.04092071611253197 0.04375 0.05370843989769821
11 0.93375 0.04092071611253197 0.03 0.056265984654731455
11 0.9725 0.04219948849104859 0.035 0.06265984654731457
1 0.869375 0.14002557544757033 0.02875 0.0741687979539642
17 0.8675 0.25767263427109977 0.03125 0.07672634271099744
11 0.905625 0.37084398976982097 0.03375 0.06265984654731457
11 0.869375 0.37148337595907927 0.03125 0.06521739130434782
0 0.95125 0.4929667519181586 0.05875 0.06905370843989769