16 0.418125 0.9846547314578005 0.04875 0.028132992327365727
16 0.421875 0.940537084398977 0.0475 0.04475703324808184
16 0.415 0.8932225063938619 0.0375 0.0370843989769821
11 0.535625 0.9130434782608695 0.06625 0.0370843989769821
11 0.535 0.8740409207161125 0.07 0.04092071611253197
4 0.973125 0.862531969309463 0.05125 0.04731457800511509
11 0.974375 0.9104859335038363 0.04875 0.03324808184143223
11 0.973125 0.9507672634271099 0.05125 0.03964194373401535
1 0.876875 0.8516624040920716 0.07375 0.0319693094629156
17 0.761875 0.8580562659846548 0.07625 0.034526854219948847
11 0.65375 0.9047314578005116 0.0625 0.0370843989769821
11 0.650625 0.8676470588235294 0.065 0.034526854219948847
0 0.53875 0.9603580562659847 0.06875 0.06265984654731457