3 0.40680335507921717 0.45576923076923076 0.03075489282385834 0.046153846153846156
15 0.4123951537744641 0.5392307692307692 0.03075489282385834 0.055384615384615386
4 0.40307548928238585 0.3996153846153846 0.03727865796831314 0.04153846153846154
4 0.43988816402609504 0.3942307692307692 0.03168685927306617 0.03230769230769231
0 0.46225535880708296 0.6361538461538462 0.034482758620689655 0.04461538461538461
11 0.43336439888164024 0.6403846153846153 0.024231127679403542 0.036923076923076927
11 0.4091332712022367 0.6415384615384615 0.021435228331780055 0.03461538461538462
16 0.42218080149114634 0.71 0.024231127679403542 0.027692307692307693
16 0.44920782851817337 0.7069230769230769 0.0260950605778192 0.026153846153846153
16 0.47949673811742777 0.7023076923076923 0.02516309412861137 0.022307692307692306
2 0.4408201304753029 0.225 0.07642124883504194 0.05384615384615385