3 0.4254426840633737 0.5642307692307692 0.05964585274930102 0.031538461538461536
15 0.5246971109040075 0.5796153846153846 0.06989748369058714 0.03230769230769231
4 0.35834109972041006 0.5534615384615384 0.05405405405405406 0.03538461538461538
4 0.36113699906803354 0.5223076923076924 0.04193849021435228 0.03
0 0.6509785647716683 0.563076923076923 0.05684995340167754 0.033846153846153845
11 0.6491146318732526 0.5873076923076923 0.047530288909599254 0.025384615384615384
11 0.6444547996272134 0.6069230769230769 0.04380242311276794 0.022307692307692306
16 0.728331780055918 0.6130769230769231 0.036346691519105315 0.023076923076923078
16 0.7311276794035415 0.5907692307692308 0.034482758620689655 0.024615384615384615
16 0.7329916123019571 0.565 0.02982292637465051 0.023846153846153847
2 0.16216216216216217 0.4807692307692308 0.07455731593662628 0.06923076923076923