3 0.5862068965517241 0.553076923076923 0.03168685927306617 0.04692307692307692
15 0.5927306616961789 0.47 0.03168685927306617 0.05615384615384615
4 0.581547064305685 0.6096153846153847 0.03821062441752097 0.04153846153846154
4 0.5438024231127679 0.6107692307692307 0.032618825722273995 0.03230769230769231
0 0.5573159366262814 0.3688461538461538 0.035414725069897485 0.04461538461538461
11 0.587138863000932 0.36730769230769234 0.02516309412861137 0.03769230769230769
11 0.6109040074557316 0.3688461538461538 0.022367194780987885 0.03461538461538462
16 0.6081081081081081 0.29923076923076924 0.024231127679403542 0.02846153846153846
16 0.581081081081081 0.2996153846153846 0.0260950605778192 0.026923076923076925
16 0.5498602050326188 0.30115384615384616 0.0260950605778192 0.023076923076923078
2 0.5177073625349488 0.7788461538461539 0.07735321528424977 0.054615384615384614