2 0.6433506044905009 0.8122222222222222 0.08808290155440414 0.051111111111111114
0 0.6390328151986183 0.4388888888888889 0.04317789291882556 0.03777777777777778
11 0.6744386873920553 0.43666666666666665 0.024179620034542316 0.034444444444444444
11 0.7003454231433506 0.43666666666666665 0.022452504317789293 0.03777777777777778
11 0.7020725388601037 0.47888888888888886 0.024179620034542316 0.03333333333333333
11 0.6744386873920553 0.48333333333333334 0.022452504317789293 0.03
13 0.696027633851468 0.6183333333333333 0.02936096718480138 0.06333333333333334
15 0.6925734024179621 0.5377777777777778 0.02936096718480138 0.044444444444444446
16 0.6252158894645942 0.3977777777777778 0.024179620034542316 0.025555555555555557
16 0.6580310880829016 0.3977777777777778 0.02936096718480138 0.025555555555555557
16 0.6951640759930915 0.3988888888888889 0.03454231433506045 0.03
4 0.6398963730569949 0.6761111111111111 0.03281519861830743 0.03
4 0.689119170984456 0.6805555555555556 0.03281519861830743 0.03777777777777778