2 0.024179620034542316 0.5661111111111111 0.04835924006908463 0.06111111111111111
0 0.582901554404145 0.5944444444444444 0.06217616580310881 0.03
11 0.582901554404145 0.6172222222222222 0.055267702936096716 0.017777777777777778
11 0.5803108808290155 0.6338888888888888 0.06044905008635579 0.016666666666666666
11 0.5146804835924007 0.6311111111111111 0.0535405872193437 0.017777777777777778
11 0.5112262521588946 0.6127777777777778 0.04835924006908463 0.017777777777777778
13 0.29965457685664937 0.6155555555555555 0.1001727115716753 0.024444444444444446
15 0.42487046632124353 0.62 0.07081174438687392 0.022222222222222223
16 0.6476683937823834 0.5894444444444444 0.04145077720207254 0.017777777777777778
16 0.6442141623488774 0.6105555555555555 0.04317789291882556 0.021111111111111112
16 0.6398963730569949 0.6338888888888888 0.05008635578583765 0.025555555555555557
4 0.21502590673575128 0.5744444444444444 0.05008635578583765 0.024444444444444446
4 0.20379965457685664 0.6055555555555555 0.06217616580310881 0.023333333333333334