2 0.7642487046632125 0.7777777777777778 0.10189982728842832 0.06222222222222222
0 0.6096718480138169 0.4177777777777778 0.055267702936096716 0.043333333333333335
11 0.6433506044905009 0.40944444444444444 0.03454231433506045 0.03666666666666667
11 0.6683937823834197 0.40555555555555556 0.03454231433506045 0.04
11 0.6865284974093264 0.4461111111111111 0.03454231433506045 0.035555555555555556
11 0.6614853195164075 0.45444444444444443 0.03281519861830743 0.03222222222222222
13 0.7374784110535406 0.5816666666666667 0.05008635578583765 0.06555555555555556
15 0.7012089810017271 0.5044444444444445 0.04317789291882556 0.04777777777777778
16 0.5803108808290155 0.38 0.03281519861830743 0.028888888888888888
16 0.6113989637305699 0.375 0.037996545768566495 0.028888888888888888
16 0.6476683937823834 0.37 0.044905008635578586 0.034444444444444444
4 0.7063903281519862 0.6466666666666666 0.04317789291882556 0.034444444444444444
4 0.7556131260794473 0.6427777777777778 0.044905008635578586 0.04111111111111111