4 0.29011689691817216 0.3546153846153846 0.039319872476089264 0.031538461538461536
4 0.2385759829968119 0.355 0.036131774707757705 0.031538461538461536
17 0.40010626992561105 0.7261538461538461 0.057385759829968117 0.031538461538461536
15 0.4962805526036132 0.7353846153846154 0.07013815090329437 0.036923076923076927
13 0.29436769394261425 0.7330769230769231 0.0924548352816153 0.038461538461538464
16 0.3002125398512221 0.6826923076923077 0.028692879914984058 0.026923076923076925
16 0.3012752391073326 0.6526923076923077 0.02975557917109458 0.025384615384615384
16 0.2678002125398512 0.6492307692307693 0.03294367693942614 0.026153846153846153
16 0.2651434643995749 0.6811538461538461 0.028692879914984058 0.023076923076923078
16 0.22741764080765142 0.6796153846153846 0.025504782146652496 0.02
10 0.22422954303931988 0.6515384615384615 0.03506907545164718 0.03461538461538462
0 0.28905419766206164 0.6065384615384616 0.040382571732199786 0.047692307692307694
8 0.28480340063761955 0.5615384615384615 0.03506907545164718 0.040769230769230766
11 0.25398512221041447 0.5607692307692308 0.024442082890541977 0.036153846153846154
11 0.22582359192348567 0.558076923076923 0.028692879914984058 0.03769230769230769
11 0.22210414452709884 0.6046153846153847 0.024442082890541977 0.03923076923076923
11 0.2534537725823592 0.6076923076923076 0.026567481402763018 0.04153846153846154
6 0.25132837407013814 0.4723076923076923 0.021253985122210415 0.04461538461538461
6 0.22369819341126462 0.4703846153846154 0.025504782146652496 0.04692307692307692
2 0.3007438894792774 0.16884615384615384 0.09351753453772582 0.06076923076923077