4 0.28852284803400635 0.6442307692307693 0.044633368756641874 0.03
4 0.2863974495217853 0.6811538461538461 0.044633368756641874 0.027692307692307693
17 0.8065887353878852 0.5842307692307692 0.04675876726886291 0.043076923076923075
15 0.824654622741764 0.515 0.05419766206163656 0.052307692307692305
13 0.8108395324123273 0.6607692307692308 0.05844845908607864 0.06846153846153846
16 0.7412327311370882 0.6542307692307693 0.039319872476089264 0.021538461538461538
16 0.6997874601487779 0.6515384615384615 0.03719447396386823 0.022307692307692306
16 0.69394261424017 0.6757692307692308 0.03719447396386823 0.024615384615384615
16 0.7380446333687567 0.6792307692307692 0.03400637619553666 0.021538461538461538
16 0.7337938363443146 0.7065384615384616 0.02975557917109458 0.02
10 0.6944739638682252 0.7073076923076923 0.048884165781083955 0.026923076923076925
0 0.6360255047821467 0.6580769230769231 0.0669500531349628 0.031538461538461536
8 0.5738575982996812 0.6588461538461539 0.057385759829968117 0.027692307692307693
11 0.5712008501594049 0.6807692307692308 0.05100956429330499 0.019230769230769232
11 0.5658873538788523 0.7011538461538461 0.05419766206163656 0.022307692307692306
11 0.6296493092454836 0.7061538461538461 0.05526036131774708 0.02
11 0.6354941551540914 0.6838461538461539 0.05951115834218916 0.021538461538461538
6 0.44845908607863977 0.678076923076923 0.06269925611052073 0.01769230769230769
6 0.4447396386822529 0.698076923076923 0.06588735387885228 0.02076923076923077
2 0.038788522848034 0.6265384615384615 0.077577045696068 0.07153846153846154