4 0.7029755579171094 0.6507692307692308 0.040382571732199786 0.03230769230769231
4 0.7539851222104145 0.6515384615384615 0.03719447396386823 0.03230769230769231
17 0.6110520722635494 0.2765384615384615 0.05844845908607864 0.03307692307692308
15 0.5148777895855473 0.265 0.07120085015940489 0.038461538461538464
13 0.7167906482465463 0.2723076923076923 0.09351753453772582 0.040769230769230766
16 0.7088204038257173 0.32269230769230767 0.02975557917109458 0.027692307692307693
16 0.706163655685441 0.3526923076923077 0.030818278427205102 0.026153846153846153
16 0.7391073326248672 0.3565384615384615 0.03400637619553666 0.026923076923076925
16 0.7433581296493093 0.32461538461538464 0.02975557917109458 0.023846153846153847
16 0.7810839532412327 0.3273076923076923 0.026567481402763018 0.02076923076923077
10 0.7826780021253985 0.3553846153846154 0.036131774707757705 0.03538461538461538
0 0.7157279489904357 0.39884615384615385 0.04250797024442083 0.04846153846153846
8 0.7178533475026567 0.44384615384615383 0.03719447396386823 0.04153846153846154
11 0.7486716259298618 0.4453846153846154 0.025504782146652496 0.036923076923076927
11 0.7768331562167906 0.44884615384615384 0.030818278427205102 0.038461538461538464
11 0.7826780021253985 0.4023076923076923 0.026567481402763018 0.04
11 0.7513283740701382 0.3984615384615385 0.028692879914984058 0.04230769230769231
6 0.7470775770456961 0.5338461538461539 0.023379383634431455 0.045384615384615384
6 0.7747077577045696 0.5365384615384615 0.02763018065887354 0.047692307692307694
2 0.6833156216790648 0.8357692307692308 0.09670563230605739 0.06230769230769231