0 0.05 0.5234848484848484 0.04625 0.07727272727272727
1 0.09625 0.7477272727272727 0.03 0.07424242424242425
11 0.085 0.8446969696969697 0.03 0.05757575757575758
11 0.056875 0.8393939393939394 0.03375 0.06515151515151515
11 0.028125 0.8356060606060606 0.03125 0.06818181818181818
11 0.01 0.8318181818181818 0.02 0.06666666666666667
11 0.085625 0.5287878787878788 0.02875 0.06666666666666667
11 0.116875 0.5295454545454545 0.03125 0.05909090909090909
12 0.108125 0.634090909090909 0.025 0.05303030303030303
17 0.04375 0.7378787878787879 0.03375 0.08181818181818182
10 0.125625 0.38181818181818183 0.03625 0.045454545454545456
11 0.03375 0.6227272727272727 0.03 0.06363636363636363
11 0.06125 0.6310606060606061 0.02875 0.05606060606060606
16 0.084375 0.3787878787878788 0.0275 0.03787878787878788
16 0.048125 0.3704545454545455 0.025 0.03333333333333333
16 0.053125 0.325 0.03 0.03787878787878788
16 0.089375 0.32651515151515154 0.0325 0.03636363636363636
16 0.125625 0.3325757575757576 0.0325 0.04090909090909091