16 0.145 0.3153446033810143 0.03125 0.036410923276983094
16 0.101875 0.31924577373211965 0.0325 0.04031209362808843
16 0.053125 0.3153446033810143 0.03625 0.0377113133940182
16 0.0525 0.3647594278283485 0.03875 0.04031209362808843
16 0.0975 0.36866059817945385 0.0375 0.04031209362808843
10 0.145625 0.37386215864759426 0.04375 0.0494148244473342
4 0.113125 0.8953185955786735 0.045 0.05981794538361508
0 0.0625 0.5390117035110533 0.05625 0.06631989596879063
0 0.06625 0.4486345903771131 0.05375 0.06371911573472042
11 0.150625 0.4479843953185956 0.0325 0.06371911573472042
11 0.11625 0.4460338101430429 0.03375 0.07022106631989597
11 0.11 0.5403120936280884 0.0325 0.06241872561768531
11 0.145625 0.540962288686606 0.03375 0.06892067620286085
11 0.10625 0.6313394018205462 0.03625 0.07152145643693109
11 0.099375 0.717815344603381 0.03625 0.07282184655396619
11 0.070625 0.8979193758127438 0.03125 0.06501950585175553
11 0.035625 0.8953185955786735 0.02625 0.06371911573472042
1 0.134375 0.8081924577373212 0.0275 0.07802340702210664
17 0.085 0.8120936280884266 0.03375 0.08322496749024708
12 0.146875 0.7223667100130039 0.02625 0.054616384915474644
12 0.15125 0.6339401820546163 0.02375 0.05201560468140442