16 0.851875 0.6911573472041612 0.0325 0.0377113133940182
16 0.895 0.6879063719115734 0.0325 0.04161248374512354
16 0.94375 0.6924577373211963 0.0375 0.03901170351105332
16 0.945 0.6430429128738622 0.03875 0.04161248374512354
16 0.900625 0.6384915474642393 0.0375 0.04161248374512354
10 0.851875 0.6326397919375812 0.04375 0.0494148244473342
4 0.893125 0.11118335500650195 0.04625 0.05981794538361508
0 0.938125 0.4687906371911573 0.05625 0.06762028608582575
0 0.9325 0.5598179453836151 0.055 0.06501950585175553
11 0.848125 0.55851755526658 0.03375 0.06501950585175553
11 0.883125 0.5611183355006502 0.035 0.07152145643693109
11 0.890625 0.46618985695708715 0.03375 0.06371911573472042
11 0.855 0.464889466840052 0.035 0.07022106631989597
11 0.89625 0.37581274382314694 0.0375 0.07282184655396619
11 0.904375 0.2893368010403121 0.0375 0.0741222366710013
11 0.93625 0.10988296488946683 0.03125 0.06501950585175553
11 0.970625 0.11313394018205461 0.0275 0.06371911573472042
1 0.870625 0.19830949284785435 0.02875 0.07802340702210664
17 0.92 0.19570871261378414 0.035 0.08452535760728218
12 0.856875 0.28413524057217165 0.0275 0.054616384915474644
12 0.850625 0.37256176853055917 0.025 0.05201560468140442