16 0.9399367755532139 0.7150170648464164 0.051633298208640675 0.15017064846416384
16 0.9373024236037935 0.4931740614334471 0.04847207586933614 0.15699658703071673
16 0.9373024236037935 0.2645051194539249 0.0505795574288725 0.15358361774744028
16 0.8624868282402529 0.26621160409556316 0.051633298208640675 0.16040955631399317
16 0.8635405690200211 0.4948805460750853 0.04952581664910432 0.15699658703071673
10 0.8667017913593256 0.726962457337884 0.07270811380400422 0.1945392491467577
0 0.7497365648050579 0.37372013651877134 0.09272918861959958 0.2593856655290102
0 0.6143308746048473 0.3771331058020478 0.09799789251844046 0.2627986348122867
1 0.23182297154899895 0.8208191126279863 0.10642781875658588 0.13310580204778158
11 0.756059009483667 0.7781569965870307 0.0958904109589041 0.13993174061433447
11 0.7513171759747103 0.60580204778157 0.10432033719704953 0.14334470989761092
11 0.6143308746048473 0.7832764505119454 0.09483667017913593 0.13651877133105803
11 0.6138040042149632 0.6126279863481229 0.09062170706006323 0.13651877133105803
11 0.4857744994731296 0.6177474402730375 0.09799789251844046 0.15358361774744028
11 0.35932560590094836 0.6245733788395904 0.0958904109589041 0.14675767918088736
11 0.09852476290832456 0.5221843003412969 0.10221285563751317 0.14334470989761092
11 0.10063224446786091 0.34982935153583616 0.09062170706006323 0.14675767918088736
12 0.3624868282402529 0.8532423208191127 0.06533192834562697 0.08191126279863481
12 0.4863013698630137 0.8430034129692833 0.06533192834562697 0.07849829351535836
4 0.10379346680716543 0.7559726962457338 0.06533192834562697 0.19795221843003413
17 0.22866174920969443 0.5750853242320819 0.12434141201264488 0.15699658703071673