17 0.8633720930232558 0.59245960502693 0.11733615221987315 0.1687612208258528
0 0.3905919661733615 0.5915619389587073 0.10412262156448203 0.25673249551166966
1 0.8715644820295984 0.2737881508078995 0.1083509513742072 0.1561938958707361
11 0.7378435517970402 0.4326750448833034 0.09778012684989429 0.1561938958707361
11 0.7386363636363636 0.25583482944344704 0.09408033826638477 0.15080789946140036
11 0.5420190274841438 0.20915619389587073 0.0919661733615222 0.1561938958707361
11 0.5348837209302325 0.38330341113105926 0.08932346723044397 0.15439856373429084
11 0.5303911205073996 0.5637342908438061 0.09249471458773785 0.15439856373429084
11 0.5240486257928119 0.7378815080789947 0.08879492600422834 0.15080789946140036
11 0.39587737843551796 0.3500897666068223 0.09038054968287526 0.15080789946140036
12 0.4001057082452431 0.15978456014362658 0.06818181818181818 0.11131059245960502
12 0.19027484143763213 0.10771992818671454 0.06553911205073996 0.11131059245960502
16 0.11020084566596194 0.14991023339317774 0.057610993657505286 0.18491921005385997
16 0.10676532769556026 0.38240574506283664 0.0554968287526427 0.17953321364452424
16 0.10015856236786469 0.6140035906642729 0.0554968287526427 0.1741472172351885
16 0.17626849894291755 0.63016157989228 0.056553911205074 0.1741472172351885
16 0.18181818181818182 0.4021543985637343 0.05496828752642706 0.17235188509874327