17 0.861522198731501 0.6570915619389587 0.11892177589852009 0.18850987432675045
0 0.3892706131078224 0.5727109515260324 0.10676532769556026 0.27289048473967686
1 0.8744714587737844 0.3402154398563734 0.10940803382663848 0.1741472172351885
11 0.7386363636363636 0.4748653500897666 0.09936575052854123 0.17235188509874327
11 0.7420718816067653 0.2989228007181329 0.09513742071881606 0.16696588868940754
11 0.5465116279069767 0.21723518850987433 0.09355179704016914 0.17055655296229802
11 0.5367336152219874 0.3895870736086176 0.09090909090909091 0.1687612208258528
11 0.5293340380549683 0.5691202872531418 0.09408033826638477 0.1687612208258528
11 0.5203488372093024 0.7414721723518851 0.09038054968287526 0.1651705565529623
11 0.39825581395348836 0.33213644524236985 0.0919661733615222 0.16696588868940754
12 0.40539112050739956 0.14183123877917414 0.06976744186046512 0.12208258527827648
12 0.19661733615221988 0.05745062836624776 0.06765327695560254 0.11490125673249552
16 0.11601479915433403 0.08976660682226212 0.060782241014799156 0.17953321364452424
16 0.10887949260042283 0.3123877917414722 0.05813953488372093 0.1867145421903052
16 0.0991014799154334 0.5421903052064632 0.057610993657505286 0.1813285457809695
16 0.17468287526427062 0.5727109515260324 0.05866807610993657 0.18312387791741472
16 0.18366807610993657 0.34560143626570916 0.05708245243128964 0.17953321364452424