4 0.05452127659574468 0.6061452513966481 0.04654255319148936 0.05307262569832402
16 0.022606382978723406 0.4036312849162011 0.034574468085106384 0.046089385474860335
16 0.0678191489361702 0.4029329608938548 0.0398936170212766 0.040502793296089384
16 0.11569148936170212 0.3994413407821229 0.03723404255319149 0.040502793296089384
0 0.043882978723404256 0.49441340782122906 0.057180851063829786 0.0712290502793296
1 0.1529255319148936 0.7960893854748603 0.03856382978723404 0.07960893854748603
11 0.10505319148936171 0.6026536312849162 0.031914893617021274 0.061452513966480445
11 0.14029255319148937 0.5991620111731844 0.034574468085106384 0.06284916201117319
11 0.1283244680851064 0.48812849162011174 0.034574468085106384 0.07681564245810056
11 0.09375 0.48393854748603354 0.02925531914893617 0.05865921787709497
15 0.07180851063829788 0.9434357541899442 0.047872340425531915 0.08798882681564246
14 0.15625 0.9378491620111732 0.043882978723404256 0.12011173184357542
11 0.11170212765957446 0.7074022346368715 0.03856382978723404 0.06284916201117319
11 0.14827127659574468 0.7018156424581006 0.030585106382978722 0.06843575418994413