4 0.5026595744680851 0.023743016759776536 0.05585106382978723 0.04748603351955307
16 0.6961436170212766 0.03840782122905028 0.04521276595744681 0.030726256983240222
16 0.6875 0.07960893854748603 0.041223404255319146 0.0446927374301676
16 0.6795212765957447 0.12918994413407822 0.041223404255319146 0.04189944134078212
0 0.6083776595744681 0.03770949720670391 0.07180851063829788 0.061452513966480445
1 0.30319148936170215 0.0782122905027933 0.07712765957446809 0.046089385474860335
11 0.4940159574468085 0.07262569832402235 0.061170212765957445 0.03770949720670391
11 0.4886968085106383 0.10963687150837989 0.0625 0.04189944134078212
11 0.5944148936170213 0.12290502793296089 0.07579787234042554 0.04189944134078212
11 0.6063829787234043 0.08798882681564246 0.057180851063829786 0.034916201117318434
14 0.17154255319148937 0.05027932960893855 0.11569148936170212 0.055865921787709494
11 0.394281914893617 0.055865921787709494 0.0625 0.0446927374301676
11 0.39228723404255317 0.09427374301675978 0.0678191489361702 0.03770949720670391