4 0.5179521276595744 0.024441340782122904 0.057180851063829786 0.04888268156424581
16 0.711436170212766 0.046089385474860335 0.04654255319148936 0.03212290502793296
16 0.7014627659574468 0.08659217877094973 0.0425531914893617 0.046089385474860335
16 0.692154255319149 0.1361731843575419 0.041223404255319146 0.04329608938547486
0 0.6236702127659575 0.04189944134078212 0.07313829787234043 0.06424581005586592
1 0.3171542553191489 0.0712290502793296 0.07845744680851063 0.04888268156424581
11 0.5079787234042553 0.07262569832402235 0.061170212765957445 0.040502793296089384
11 0.5019946808510638 0.10893854748603352 0.06382978723404255 0.04329608938547486
11 0.6070478723404256 0.12639664804469275 0.07579787234042554 0.0446927374301676
11 0.620345744680851 0.09217877094972067 0.05851063829787234 0.036312849162011177
14 0.18617021276595744 0.03840782122905028 0.11702127659574468 0.06005586592178771
11 0.4095744680851064 0.052374301675977654 0.0625 0.04748603351955307
11 0.40558510638297873 0.09078212290502793 0.0678191489361702 0.040502793296089384