1 0.9339815762538383 0.3107940446650124 0.04605936540429888 0.06823821339950373
0 0.7507676560900717 0.37779156327543423 0.04247697031729785 0.10669975186104218
11 0.812691914022518 0.43734491315136476 0.03582395087001024 0.06451612903225806
11 0.8098771750255885 0.3771712158808933 0.035312180143295804 0.06327543424317618
11 0.8070624360286591 0.3200992555831266 0.037871033776867964 0.06327543424317618
11 0.8009211873080859 0.26054590570719605 0.0383828045035824 0.06575682382133995
11 0.7487205731832139 0.2977667493796526 0.0383828045035824 0.06451612903225806
12 0.7410440122824974 0.2400744416873449 0.032753326509723645 0.05459057071960298
12 0.6502047082906858 0.20595533498759305 0.033776867963152504 0.05707196029776675
16 0.6218014329580348 0.20719602977667495 0.031218014329580348 0.06947890818858561
16 0.6281985670419652 0.2890818858560794 0.030194472876151485 0.07444168734491315
16 0.6325486182190379 0.36600496277915634 0.02661207778915046 0.06823821339950373
16 0.6665813715455476 0.3771712158808933 0.028147389969293755 0.06699751861042183
16 0.6627430910951894 0.3002481389578164 0.031218014329580348 0.06327543424317618
11 0.8830603889457523 0.35173697270471466 0.042988741044012284 0.07196029776674938
11 0.8822927328556807 0.2890818858560794 0.03991811668372569 0.06699751861042183
17 0.9411463664278403 0.412531017369727 0.04605936540429888 0.07692307692307693