17 0.814375 0.12383177570093458 0.0425 0.08722741433021806
1 0.7925 0.03348909657320872 0.04 0.06697819314641744
0 0.951875 0.39330218068535827 0.06375 0.08878504672897196
11 0.860625 0.3356697819314642 0.03625 0.07009345794392523
11 0.8925 0.32866043613707163 0.04 0.07009345794392523
11 0.91125 0.40342679127725856 0.03875 0.08099688473520249
11 0.880625 0.4135514018691589 0.0425 0.0763239875389408
10 0.90375 0.4898753894080997 0.04875 0.06230529595015576
16 0.941875 0.47585669781931467 0.03875 0.0529595015576324
16 0.98 0.4649532710280374 0.0375 0.05451713395638629
16 0.988125 0.5171339563862928 0.02125 0.04984423676012461
16 0.958125 0.5311526479750779 0.03375 0.04672897196261682
16 0.9175 0.5420560747663551 0.04 0.04984423676012461
12 0.845625 0.26791277258566976 0.02875 0.05763239875389408