17 0.15125 0.8255451713395638 0.035 0.08411214953271028
1 0.163125 0.9228971962616822 0.03375 0.07165109034267912
0 0.040625 0.5373831775700935 0.0575 0.08255451713395638
11 0.125625 0.6082554517133957 0.03125 0.06853582554517133
11 0.093125 0.6105919003115264 0.03375 0.06853582554517133
11 0.081875 0.5327102803738317 0.0325 0.0794392523364486
11 0.11375 0.5280373831775701 0.03625 0.07476635514018691
10 0.09875 0.4485981308411215 0.045 0.05763239875389408
16 0.05875 0.45716510903426794 0.035 0.04984423676012461
16 0.01875 0.46261682242990654 0.0375 0.04984423676012461
16 0.013125 0.40809968847352024 0.02625 0.04672897196261682
16 0.048125 0.39953271028037385 0.03 0.04361370716510903
16 0.09 0.39485981308411217 0.03625 0.045171339563862926
12 0.134375 0.6783489096573209 0.025 0.056074766355140186