17 0.901875 0.2897196261682243 0.0325 0.08411214953271028
1 0.90875 0.19080996884735202 0.03125 0.07009345794392523
0 0.9525 0.6020249221183801 0.05625 0.08099688473520249
4 0.930625 0.10046728971962617 0.04375 0.04984423676012461
11 0.970625 0.10514018691588785 0.03375 0.07320872274143302
11 0.9925 0.10903426791277258 0.0125 0.0778816199376947
11 0.88375 0.5077881619937694 0.02875 0.06853582554517133
11 0.91625 0.5155763239875389 0.0325 0.06697819314641744
11 0.911875 0.5942367601246106 0.03 0.0794392523364486
11 0.88 0.5887850467289719 0.035 0.07320872274143302
10 0.879375 0.6713395638629284 0.04375 0.056074766355140186
16 0.919375 0.6744548286604362 0.03375 0.048286604361370715
16 0.9625 0.6830218068535826 0.04 0.04672897196261682
16 0.95875 0.7375389408099688 0.03375 0.04361370716510903
16 0.91875 0.7336448598130841 0.02875 0.04205607476635514
16 0.8775 0.7258566978193146 0.03625 0.045171339563862926
12 0.889375 0.43769470404984423 0.0225 0.05451713395638629