1 0.113125 0.6213740458015267 0.0325 0.07786259541984733
0 0.040625 0.49236641221374045 0.05 0.0717557251908397
11 0.115 0.8572519083969465 0.03 0.06870229007633588
11 0.086875 0.8564885496183207 0.02875 0.06717557251908397
11 0.054375 0.8557251908396947 0.025 0.0717557251908397
11 0.02375 0.8572519083969465 0.02375 0.06412213740458016
11 0.085625 0.9572519083969465 0.03125 0.06564885496183206
11 0.115 0.9618320610687023 0.0275 0.06412213740458016
11 0.081875 0.49236641221374045 0.03125 0.06564885496183206
10 0.10125 0.4030534351145038 0.03875 0.05648854961832061
16 0.060625 0.4022900763358779 0.035 0.042748091603053436
16 0.0225 0.40381679389312974 0.035 0.03969465648854962
16 0.018125 0.3534351145038168 0.03 0.03969465648854962
16 0.060625 0.3473282442748092 0.0325 0.03816793893129771
16 0.10125 0.3511450381679389 0.0325 0.03816793893129771
4 0.043125 0.9603053435114504 0.03875 0.050381679389312976
17 0.05875 0.6259541984732825 0.03125 0.08244274809160305
12 0.113125 0.4908396946564885 0.0275 0.050381679389312976